1.000000000000000000e+00 8.399999999999963485e-04
9.979959919839678228e-01 1.027222611550362378e-03
9.959919839679357567e-01 1.213981945996711566e-03
9.939879759519036906e-01 1.400279969345907946e-03
9.919839679358716245e-01 1.586118630067785348e-03
9.899799599198395583e-01 1.771499859082470473e-03
9.879759519038074922e-01 1.956425569747270981e-03
9.859719438877754261e-01 2.140897657843612162e-03
9.839679358717433599e-01 2.324918001563687150e-03
9.819639278557112938e-01 2.508488461497240286e-03
9.799599198396792277e-01 2.691610880617982711e-03
9.779559118236471615e-01 2.874287084270128311e-03
9.759519038076150954e-01 3.056518880154319908e-03
9.739478957915831403e-01 3.238308058314212038e-03
9.719438877755510742e-01 3.419656391122156882e-03
9.699398797595190080e-01 3.600565633265277905e-03
9.679358717434869419e-01 3.781037521731072087e-03
9.659318637274548758e-01 3.961073775793076332e-03
9.639278557114228096e-01 4.140676096996504831e-03
9.619238476953907435e-01 4.319846169143266683e-03
9.599198396793586774e-01 4.498585658277534302e-03
9.579158316633266113e-01 4.676896212670552007e-03
9.559118236472945451e-01 4.854779462805676633e-03
9.539078156312624790e-01 5.032237021363199572e-03
9.519038076152304129e-01 5.209270483204879974e-03
9.498997995991983467e-01 5.385881425358545610e-03
9.478957915831662806e-01 5.562071407002356326e-03
9.458917835671342145e-01 5.737841969449096122e-03
9.438877755511021483e-01 5.913194636130154717e-03
9.418837675350700822e-01 6.088130912579465745e-03
9.398797595190380161e-01 6.262652286417238513e-03
9.378757515030059499e-01 6.436760227333486808e-03
9.358717434869738838e-01 6.610456187071665247e-03
9.338677354709418177e-01 6.783741599411601333e-03
9.318637274549097516e-01 6.956617880152924510e-03
9.298597194388776854e-01 7.129086427097819541e-03
9.278557114228456193e-01 7.301148620033912594e-03
9.258517034068135532e-01 7.472805820716806047e-03
9.238476953907814870e-01 7.644059372852574259e-03
9.218436873747494209e-01 7.814910602080038168e-03
9.198396793587173548e-01 7.985360815952807431e-03
9.178356713426852886e-01 8.155411303921238433e-03
9.158316633266532225e-01 8.325063337314163314e-03
9.138276553106211564e-01 8.494318169320535725e-03
9.118236472945890903e-01 8.663177034970735713e-03
9.098196392785570241e-01 8.831641151117683788e-03
9.078156312625249580e-01 8.999711716418050400e-03
9.058116232464928919e-01 9.167389911312962339e-03
9.038076152304608257e-01 9.334676898008598123e-03
9.018036072144287596e-01 9.501573820456804195e-03
8.997995991983966935e-01 9.668081804335124790e-03
8.977955911823646273e-01 9.834201957026849142e-03
8.957915831663325612e-01 9.999935367601157574e-03
8.937875751503004951e-01 1.016528310679239329e-02
8.917835671342684289e-01 1.033024622697972100e-02
8.897795591182363628e-01 1.049482576216627557e-02
8.877755511022042967e-01 1.065902272795820130e-02
8.857715430861722306e-01 1.082283812154338776e-02
8.837675350701401644e-01 1.098627292167021763e-02
8.817635270541080983e-01 1.114932808862582371e-02
8.797595190380760322e-01 1.131200456421416894e-02
8.777555110220439660e-01 1.147430327173417676e-02
8.757515030060118999e-01 1.163622511595721089e-02
8.737474949899798338e-01 1.179777098310465580e-02
8.717434869739478787e-01 1.195894174082513806e-02
8.697394789579158125e-01 1.211973823817153080e-02
8.677354709418837464e-01 1.228016130557780389e-02
8.657314629258516803e-01 1.244021175483522867e-02
8.637274549098196141e-01 1.259989037906903038e-02
8.617234468937875480e-01 1.275919795271417655e-02
8.597194388777554819e-01 1.291813523149128347e-02
8.577154308617234157e-01 1.307670295238212016e-02
8.557114228456913496e-01 1.323490183360463701e-02
8.537074148296592835e-01 1.339273257458838129e-02
8.517034068136272174e-01 1.355019585594891690e-02
8.496993987975951512e-01 1.370729233946244019e-02
8.476953907815630851e-01 1.386402266803985969e-02
8.456913827655310190e-01 1.402038746570090713e-02
8.436873747494989528e-01 1.417638733754758053e-02
8.416833667334668867e-01 1.433202286973767059e-02
8.396793587174348206e-01 1.448729462945772505e-02
8.376753507014027544e-01 1.464220316489591237e-02
8.356713426853706883e-01 1.479674900521455068e-02
8.336673346693386222e-01 1.495093266052209546e-02
8.316633266533065560e-01 1.510475462184537182e-02
8.296593186372744899e-01 1.525821536110088909e-02
8.276553106212424238e-01 1.541131533106625782e-02
8.256513026052103577e-01 1.556405496535110192e-02
8.236472945891782915e-01 1.571643467836783895e-02
8.216432865731462254e-01 1.586845486530179261e-02
8.196392785571141593e-01 1.602011590208139713e-02
8.176352705410820931e-01 1.617141814534785518e-02
8.156312625250500270e-01 1.632236193242432923e-02
8.136272545090179609e-01 1.647294758128508771e-02
8.116232464929858947e-01 1.662317539052418636e-02
8.096192384769538286e-01 1.677304563932359091e-02
8.076152304609217625e-01 1.692255858742140739e-02
8.056112224448896963e-01 1.707171447507920686e-02
8.036072144288576302e-01 1.722051352304952709e-02
8.016032064128255641e-01 1.736895593254242712e-02
7.995991983967934980e-01 1.751704188519238869e-02
7.975951903807614318e-01 1.766477154302406247e-02
7.955911823647293657e-01 1.781214504841818758e-02
7.935871743486972996e-01 1.795916252407691108e-02
7.915831663326652334e-01 1.810582407298869101e-02
7.895791583166331673e-01 1.825212977839300518e-02
7.875751503006011012e-01 1.839807970374423771e-02
7.855711422845690350e-01 1.854367389267568694e-02
7.835671342685369689e-01 1.868891236896266794e-02
7.815631262525049028e-01 1.883379513648559406e-02
7.795591182364728366e-01 1.897832217919234385e-02
7.775551102204407705e-01 1.912249346106020126e-02
7.755511022044087044e-01 1.926630892605766046e-02
7.735470941883766383e-01 1.940976849810550561e-02
7.715430861723445721e-01 1.955287208103736671e-02
7.695390781563125060e-01 1.969561955856017482e-02
7.675350701402805509e-01 1.983801079421368060e-02
7.655310621242484848e-01 1.998004563133005604e-02
7.635270541082164186e-01 2.012172389299236863e-02
7.615230460921843525e-01 2.026304538199324642e-02
7.595190380761522864e-01 2.040400988079236339e-02
7.575150300601202202e-01 2.054461715147416420e-02
7.555110220440881541e-01 2.068486693570433660e-02
7.535070140280560880e-01 2.082475895468633223e-02
7.515030060120240218e-01 2.096429290911706877e-02
7.494989979959919557e-01 2.110346847914221918e-02
7.474949899799598896e-01 2.124228532431092498e-02
7.454909819639278235e-01 2.138074308352996486e-02
7.434869739478957573e-01 2.151884137501737862e-02
7.414829659318636912e-01 2.165657979625545612e-02
7.394789579158316251e-01 2.179395792394334466e-02
7.374749498997995589e-01 2.193097531394883407e-02
7.354709418837674928e-01 2.206763150125969075e-02
7.334669338677354267e-01 2.220392599993449220e-02
7.314629258517033605e-01 2.233985830305254550e-02
7.294589178356712944e-01 2.247542788266351094e-02
7.274549098196392283e-01 2.261063418973625200e-02
7.254509018036071621e-01 2.274547665410699485e-02
7.234468937875750960e-01 2.287995468442710970e-02
7.214428857715430299e-01 2.301406766810977153e-02
7.194388777555109638e-01 2.314781497127651674e-02
7.174348697394788976e-01 2.328119593870254384e-02
7.154308617234468315e-01 2.341420989376196554e-02
7.134268537074147654e-01 2.354685613837172523e-02
7.114228456913826992e-01 2.367913395293531897e-02
7.094188376753506331e-01 2.381104259628547687e-02
7.074148296593185670e-01 2.394258130562626485e-02
7.054108216432865008e-01 2.407374929647448925e-02
7.034068136272544347e-01 2.420454576260011592e-02
7.014028056112223686e-01 2.433496987596630093e-02
6.993987975951903024e-01 2.446502078666820332e-02
6.973947895791582363e-01 2.459469762287143715e-02
6.953907815631261702e-01 2.472399949074945147e-02
6.933867735470941041e-01 2.485292547442010877e-02
6.913827655310620379e-01 2.498147463588170150e-02
6.893787575150299718e-01 2.510964601494768134e-02
6.873747494989979057e-01 2.523743862918102071e-02
6.853707414829658395e-01 2.536485147382735311e-02
6.833667334669337734e-01 2.549188352174735356e-02
6.813627254509017073e-01 2.561853372334836967e-02
6.793587174348696411e-01 2.574480100651489398e-02
6.773547094188375750e-01 2.587068427653822431e-02
6.753507014028055089e-01 2.599618241604522567e-02
6.733466933867734427e-01 2.612129428492615882e-02
6.713426853707413766e-01 2.624601872026146795e-02
6.693386773547093105e-01 2.637035453624750336e-02
6.673346693386772444e-01 2.649430052412148073e-02
6.653306613226452892e-01 2.661785545208526088e-02
6.633266533066132231e-01 2.674101806522807823e-02
6.613226452905811570e-01 2.686378708544830476e-02
6.593186372745490909e-01 2.698616121137406218e-02
6.573146292585170247e-01 2.710813911828291803e-02
6.553106212424849586e-01 2.722971945802021843e-02
6.533066132264528925e-01 2.735090085891641806e-02
6.513026052104208263e-01 2.747168192570348735e-02
6.492985971943887602e-01 2.759206123942967159e-02
6.472945891783566941e-01 2.771203735737358051e-02
6.452905811623246279e-01 2.783160881295673739e-02
6.432865731462925618e-01 2.795077411565502143e-02
6.412825651302604957e-01 2.806953175090889582e-02
6.392785571142284295e-01 2.818788018003233128e-02
6.372745490981963634e-01 2.830581784012045979e-02
6.352705410821642973e-01 2.842334314395584052e-02
6.332665330661322312e-01 2.854045447991363643e-02
6.312625250501001650e-01 2.865715021186502481e-02
6.292585170340680989e-01 2.877342867907971974e-02
6.272545090180360328e-01 2.888928819612665566e-02
6.252505010020039666e-01 2.900472705277355734e-02
6.232464929859719005e-01 2.911974351388489646e-02
6.212424849699398344e-01 2.923433581931838415e-02
6.192384769539077682e-01 2.934850218382004453e-02
6.172344689378757021e-01 2.946224079691761588e-02
6.152304609218436360e-01 2.957554982281257808e-02
6.132264529058115698e-01 2.968842740027046248e-02
6.112224448897795037e-01 2.980087164250952089e-02
6.092184368737474376e-01 2.991288063708788525e-02
6.072144288577153715e-01 3.002445244578896139e-02
6.052104208416833053e-01 3.013558510450512623e-02
6.032064128256512392e-01 3.024627662311971457e-02
6.012024048096191731e-01 3.035652498538726762e-02
5.991983967935871069e-01 3.046632814881179707e-02
5.971943887775550408e-01 3.057568404452356767e-02
5.951903807615229747e-01 3.068459057715368712e-02
5.931863727454909085e-01 3.079304562470699599e-02
5.911823647294588424e-01 3.090104703843283770e-02
5.891783567134267763e-01 3.100859264269405918e-02
5.871743486973947102e-01 3.111568023483388817e-02
5.851703406813626440e-01 3.122230758504078788e-02
5.831663326653305779e-01 3.132847243621121602e-02
5.811623246492985118e-01 3.143417250381031619e-02
5.791583166332664456e-01 3.153940547573028802e-02
5.771543086172343795e-01 3.164416901214679723e-02
5.751503006012023134e-01 3.174846074537296392e-02
5.731462925851702472e-01 3.185227827971098824e-02
5.711422845691381811e-01 3.195561919130178452e-02
5.691382765531061150e-01 3.205848102797174276e-02
5.671342685370740488e-01 3.216086130907752638e-02
5.651302605210419827e-01 3.226275752534808750e-02
5.631262525050100276e-01 3.236416713872428824e-02
5.611222444889779615e-01 3.246508758219600332e-02
5.591182364729458953e-01 3.256551625963640534e-02
5.571142284569138292e-01 3.266545054563382150e-02
5.551102204408817631e-01 3.276488778532065521e-02
5.531062124248496970e-01 3.286382529419969167e-02
5.511022044088176308e-01 3.296226035796738507e-02
5.490981963927855647e-01 3.306019023233448817e-02
5.470941883767534986e-01 3.315761214284351083e-02
5.450901803607214324e-01 3.325452328468331276e-02
5.430861723446893663e-01 3.335092082250053908e-02
5.410821643286573002e-01 3.344680189020798194e-02
5.390781563126252340e-01 3.354216359078968784e-02
5.370741482965931679e-01 3.363700299610284522e-02
5.350701402805611018e-01 3.373131714667640391e-02
5.330661322645290356e-01 3.382510305150607938e-02
5.310621242484969695e-01 3.391835768784615818e-02
5.290581162324649034e-01 3.401107800099756329e-02
5.270541082164328373e-01 3.410326090409242922e-02
5.250501002004007711e-01 3.419490327787482603e-02
5.230460921843687050e-01 3.428600197047801390e-02
5.210420841683366389e-01 3.437655379719754822e-02
5.190380761523045727e-01 3.446655554026042262e-02
5.170340681362725066e-01 3.455600394859068697e-02
5.150300601202404405e-01 3.464489573757026375e-02
5.130260521042083743e-01 3.473322758879627409e-02
5.110220440881763082e-01 3.482099614983343028e-02
5.090180360721442421e-01 3.490819803396265353e-02
5.070140280561121759e-01 3.499482981992479980e-02
5.050100200400801098e-01 3.508088805166001412e-02
5.030060120240480437e-01 3.516636923804247056e-02
5.010020040080159776e-01 3.525126985261019946e-02
4.989979959919839114e-01 3.533558633329013376e-02
4.969939879759518453e-01 3.541931508211817320e-02
4.949899799599197792e-01 3.550245246495421086e-02
4.929859719438877130e-01 3.558499481119185154e-02
4.909819639278556469e-01 3.566693841346290500e-02
4.889779559118235808e-01 3.574827952733646008e-02
4.869739478957915702e-01 3.582901437101221331e-02
4.849699398797595040e-01 3.590913912500851707e-02
4.829659318637274379e-01 3.598864993184403005e-02
4.809619238476953718e-01 3.606754289571409422e-02
4.789579158316633056e-01 3.614581408216046426e-02
4.769539078156312395e-01 3.622345951773513900e-02
4.749498997995991734e-01 3.630047518965762859e-02
4.729458917835671072e-01 3.637685704546600451e-02
4.709418837675350411e-01 3.645260099266088571e-02
4.689378757515029750e-01 3.652770289834299244e-02
4.669338677354709088e-01 3.660215858884337259e-02
4.649298597194388427e-01 3.667596384934682097e-02
4.629258517034067766e-01 3.674911442350761726e-02
4.609218436873747105e-01 3.682160601305813075e-02
4.589178356713426443e-01 3.689343427740953557e-02
4.569138276553105782e-01 3.696459483324467804e-02
4.549098196392785121e-01 3.703508325410308222e-02
4.529058116232464459e-01 3.710489506995739289e-02
4.509018036072143798e-01 3.717402576678172782e-02
4.488977955911823137e-01 3.724247078611122447e-02
4.468937875751502475e-01 3.731022552459258013e-02
4.448897795591181814e-01 3.737728533352586979e-02
4.428857715430861153e-01 3.744364551839673982e-02
4.408817635270540491e-01 3.750930133839918551e-02
4.388777555110219830e-01 3.757424800594859338e-02
4.368737474949899169e-01 3.763848068618473597e-02
4.348697394789579063e-01 3.770199449646444156e-02
4.328657314629258401e-01 3.776478450584383473e-02
4.308617234468937740e-01 3.782684573454972443e-02
4.288577154308617079e-01 3.788817315343979281e-02
4.268537074148296417e-01 3.794876168345169554e-02
4.248496993987975756e-01 3.800860619504031063e-02
4.228456913827655095e-01 3.806770150760297594e-02
4.208416833667334433e-01 3.812604238889265307e-02
4.188376753507013772e-01 3.818362355441835831e-02
4.168336673346693111e-01 3.824043966683271512e-02
4.148296593186372450e-01 3.829648533530621152e-02
4.128256513026051788e-01 3.835175511488785743e-02
4.108216432865731127e-01 3.840624350585191554e-02
4.088176352705410466e-01 3.845994495303013683e-02
4.068136272545089804e-01 3.851285384512934118e-02
4.048096192384769143e-01 3.856496451403392672e-02
4.028056112224448482e-01 3.861627123409260703e-02
4.008016032064127820e-01 3.866676822138940400e-02
3.987975951903807159e-01 3.871644963299796655e-02
3.967935871743486498e-01 3.876530956621931923e-02
3.947895791583165837e-01 3.881334205780188201e-02
3.927855711422845175e-01 3.886054108314400402e-02
3.907815631262524514e-01 3.890690055547792181e-02
3.887775551102203853e-01 3.895241432503504520e-02
3.867735470941883191e-01 3.899707617819166139e-02
3.847695390781562530e-01 3.904087983659482175e-02
3.827655310621242424e-01 3.908381895626775876e-02
3.807615230460921762e-01 3.912588712669406998e-02
3.787575150300601101e-01 3.916707786988017637e-02
3.767535070140280440e-01 3.920738463939566626e-02
3.747494989979959779e-01 3.924680081939028314e-02
3.727454909819639117e-01 3.928531972358751539e-02
3.707414829659318456e-01 3.932293459425364318e-02
3.687374749498997795e-01 3.935963860114181229e-02
3.667334669338677133e-01 3.939542484040997605e-02
3.647294589178356472e-01 3.943028633351260831e-02
3.627254509018035811e-01 3.946421602606459134e-02
3.607214428857715149e-01 3.949720678667700130e-02
3.587174348697394488e-01 3.952925140576375729e-02
3.567134268537073827e-01 3.956034259431814165e-02
3.547094188376753165e-01 3.959047298265845616e-02
3.527054108216432504e-01 3.961963511914156494e-02
3.507014028056111843e-01 3.964782146884372749e-02
3.486973947895791182e-01 3.967502441220729231e-02
3.466933867735470520e-01 3.970123624365238385e-02
3.446893787575149859e-01 3.972644917015245164e-02
3.426853707414829198e-01 3.975065530977245354e-02
3.406813627254508536e-01 3.977384669016859747e-02
3.386773547094187875e-01 3.979601524704817067e-02
3.366733466933867214e-01 3.981715282258836003e-02
3.346693386773546552e-01 3.983725116381282849e-02
3.326653306613226446e-01 3.985630192092419477e-02
3.306613226452905785e-01 3.987429664559127146e-02
3.286573146292585124e-01 3.989122678918987502e-02
3.266533066132264462e-01 3.990708370099484842e-02
3.246492985971943801e-01 3.992185862632226245e-02
3.226452905811623140e-01 3.993554270462006117e-02
3.206412825651302478e-01 3.994812696750504877e-02
3.186372745490981817e-01 3.995960233674469148e-02
3.166332665330661156e-01 3.996995962218168053e-02
3.146292585170340494e-01 3.997918951959934797e-02
3.126252505010019833e-01 3.998728260852561084e-02
3.106212424849699172e-01 3.999422934997378526e-02
3.086172344689378511e-01 4.000002008411734228e-02
3.066132264529057849e-01 4.000464502789692622e-02
3.046092184368737188e-01 4.000809427255660328e-02
3.026052104208416527e-01 4.001035778110731411e-02
3.006012024048095865e-01 4.001142538571431789e-02
2.985971943887775204e-01 4.001128678500641411e-02
2.965931863727454543e-01 4.000993154130347979e-02
2.945891783567133881e-01 4.000734907775983784e-02
2.925851703406813220e-01 4.000352867541982077e-02
2.905811623246492559e-01 3.999845947018248332e-02
2.885771543086171897e-01 3.999213044967205033e-02
2.865731462925851236e-01 3.998453045001017225e-02
2.845691382765530575e-01 3.997564815248665776e-02
2.825651302605209914e-01 3.996547208012442287e-02
2.805611222444889807e-01 3.995399059413452109e-02
2.785571142284569146e-01 3.994119189025715361e-02
2.765531062124248485e-01 3.992706399498397590e-02
2.745490981963927823e-01 3.991159476165691278e-02
2.725450901803607162e-01 3.989477186643867329e-02
2.705410821643286501e-01 3.987658280414972667e-02
2.685370741482965840e-01 3.985701488396605624e-02
2.665330661322645178e-01 3.983605522497236234e-02
2.645290581162324517e-01 3.981369075156450388e-02
2.625250501002003856e-01 3.978990818869472534e-02
2.605210420841683194e-01 3.976469405695342435e-02
2.585170340681362533e-01 3.973803466748023622e-02
2.565130260521041872e-01 3.970991611669727472e-02
2.545090180360721210e-01 3.968032428085688929e-02
2.525050100200400549e-01 3.964924481039574372e-02
2.505010020040079888e-01 3.961666312408689689e-02
2.484969939879759226e-01 3.958256440298099643e-02
2.464929859719438565e-01 3.954693358412696147e-02
2.444889779559117904e-01 3.950975535406269640e-02
2.424849699398797520e-01 3.947101414206495573e-02
2.404809619238476859e-01 3.943069411314790301e-02
2.384769539078156197e-01 3.938877916079825542e-02
2.364729458917835536e-01 3.934525289943544002e-02
2.344689378757514875e-01 3.930009865658321694e-02
2.324649298597194214e-01 3.925329946473998105e-02
2.304609218436873552e-01 3.920483805293260848e-02
2.284569138276552891e-01 3.915469683793926930e-02
2.264529058116232230e-01 3.910285791516498327e-02
2.244488977955911568e-01 3.904930304915287670e-02
2.224448897795590907e-01 3.899401366371347405e-02
2.204408817635270246e-01 3.893697083165275491e-02
2.184368737474949584e-01 3.887815526407912420e-02
2.164328657314629201e-01 3.881754729926781972e-02
2.144288577154308539e-01 3.875512689106026809e-02
2.124248496993987878e-01 3.869087359677439442e-02
2.104208416833667217e-01 3.862476656460039209e-02
2.084168336673346555e-01 3.855678452045507854e-02
2.064128256513025894e-01 3.848690575426594318e-02
2.044088176352705233e-01 3.841510810565455097e-02
2.024048096192384572e-01 3.834136894898668851e-02
2.004008016032063910e-01 3.826566517775469717e-02
1.983967935871743249e-01 3.818797318825532805e-02
1.963927855711422588e-01 3.810826886252353246e-02
1.943887775551101926e-01 3.802652755048083200e-02
1.923847695390781265e-01 3.794272405125308223e-02
1.903807615230460881e-01 3.785683259361018183e-02
1.883767535070140220e-01 3.776882681547688581e-02
1.863727454909819559e-01 3.767867974245993345e-02
1.843687374749498897e-01 3.758636376533326662e-02
1.823647294589178236e-01 3.749185061641895772e-02
1.803607214428857575e-01 3.739511134479683863e-02
1.783567134268536913e-01 3.729611629027104747e-02
1.763527054108216252e-01 3.719483505601645090e-02
1.743486973947895591e-01 3.709123647982214694e-02
1.723446893787574929e-01 3.698528860384329986e-02
1.703406813627254268e-01 3.687695864276522434e-02
1.683366733466933607e-01 3.676621295027718284e-02
1.663326653306613223e-01 3.665301698374436729e-02
1.643286573146292562e-01 3.653733526695866068e-02
1.623246492985971901e-01 3.641913135083873349e-02
1.603206412825651239e-01 3.629836777193985731e-02
1.583166332665330578e-01 3.617500600862229992e-02
1.563126252505009917e-01 3.604900643471478650e-02
1.543086172344689255e-01 3.592032827049587707e-02
1.523046092184368594e-01 3.578892953080083789e-02
1.503006012024047933e-01 3.565476697004550666e-02
1.482965931863727271e-01 3.551779602394007640e-02
1.462925851703406610e-01 3.537797074764610639e-02
1.442885771543085949e-01 3.523524375010757270e-02
1.422845691382765287e-01 3.508956612426289423e-02
1.402805611222444904e-01 3.494088737281745433e-02
1.382765531062124242e-01 3.478915532922669668e-02
1.362725450901803581e-01 3.463431607350641456e-02
1.342685370741482920e-01 3.447631384245029851e-02
1.322645290581162258e-01 3.431509093379384728e-02
1.302605210420841597e-01 3.415058760381815134e-02
1.282565130260520936e-01 3.398274195783611978e-02
1.262525050100200275e-01 3.381148983294725990e-02
1.242484969939879613e-01 3.363676467238279483e-02
1.222444889779558952e-01 3.345849739069226003e-02
1.202404809619238429e-01 3.327661622894213106e-02
1.182364729458917768e-01 3.309104659900685697e-02
1.162324649298597107e-01 3.290171091593094288e-02
1.142284569138276445e-01 3.270852841722581006e-02
1.122244488977955784e-01 3.251141496783475221e-02
1.102204408817635123e-01 3.231028284935182071e-02
1.082164328657314600e-01 3.210504053191248763e-02
1.062124248496993939e-01 3.189559242698229713e-02
1.042084168336673278e-01 3.168183861905148058e-02
1.022044088176352616e-01 3.146367457399287804e-02
1.002004008016031955e-01 3.124099082155339796e-02
9.819639278557112938e-02 3.101367260911843879e-02
9.619238476953906325e-02 3.078159952350725814e-02
9.418837675350701100e-02 3.054464507711570839e-02
9.218436873747494487e-02 3.030267625421059416e-02
9.018036072144287874e-02 3.005555301258306874e-02
8.817635270541081260e-02 2.980312773507277913e-02
8.617234468937874647e-02 2.954524462465781334e-02
8.416833667334668034e-02 2.928173903584732965e-02
8.216432865731462809e-02 2.901243673398156905e-02
8.016032064128256196e-02 2.873715307270466313e-02
7.815631262525049583e-02 2.845569207828277380e-02
7.615230460921842970e-02 2.816784542753888315e-02
7.414829659318636357e-02 2.787339130389629438e-02
7.214428857715429744e-02 2.757209311327871518e-02
7.014028056112224518e-02 2.726369803829317706e-02
6.813627254509017905e-02 2.694793540508467686e-02
6.613226452905811292e-02 2.662451483231445537e-02
6.412825651302604679e-02 2.629312412564659487e-02
6.212424849699398066e-02 2.595342687362467426e-02
6.012024048096192147e-02 2.560505969148657926e-02
5.811623246492985534e-02 2.524762904777523229e-02
5.611222444889778921e-02 2.488070759386050435e-02
5.410821643286573002e-02 2.450382989775528458e-02
5.210420841683366389e-02 2.411648745961710374e-02
5.010020040080159776e-02 2.371812285533856507e-02
4.809619238476953162e-02 2.330812281423559965e-02
4.609218436873747243e-02 2.288580998367262601e-02
4.408817635270540630e-02 2.245043306273331388e-02
4.208416833667334017e-02 2.200115489187816353e-02
4.008016032064128098e-02 2.153703795589275577e-02
3.807615230460921485e-02 2.105702657844883002e-02
3.607214428857714872e-02 2.055992483584382149e-02
3.406813627254508953e-02 2.004436886047480590e-02
3.206412825651302340e-02 1.950879168723517951e-02
3.006012024048096073e-02 1.895137803142189076e-02
2.805611222444889460e-02 1.837000523181446174e-02
2.605210420841683194e-02 1.776216480485616825e-02
2.404809619238476581e-02 1.712485621107919312e-02
2.204408817635270315e-02 1.645443976339372796e-02
2.004008016032064049e-02 1.574642765315312568e-02
1.803607214428857436e-02 1.499517794657046627e-02
1.603206412825651170e-02 1.419343005174693653e-02
1.402805611222444730e-02 1.333156798028415670e-02
1.202404809619238291e-02 1.239638664581538090e-02
1.002004008016032024e-02 1.136887739427689531e-02
8.016032064128255849e-03 1.021986881714630202e-02
6.012024048096191453e-03 8.900258269007938622e-03
4.008016032064127925e-03 7.314308261099210229e-03
2.004008016032063962e-03 5.214861842350558552e-03
0.000000000000000000e+00 0.000000000000000000e+00
0.000000000000000000e+00 0.000000000000000000e+00
2.004008016032063962e-03 -5.214861842350558552e-03
4.008016032064127925e-03 -7.314308261099210229e-03
6.012024048096191453e-03 -8.900258269007938622e-03
8.016032064128255849e-03 -1.021986881714630202e-02
1.002004008016032024e-02 -1.136887739427689531e-02
1.202404809619238291e-02 -1.239638664581538090e-02
1.402805611222444730e-02 -1.333156798028415670e-02
1.603206412825651170e-02 -1.419343005174693653e-02
1.803607214428857436e-02 -1.499517794657046627e-02
2.004008016032064049e-02 -1.574642765315312568e-02
2.204408817635270315e-02 -1.645443976339372796e-02
2.404809619238476581e-02 -1.712485621107919312e-02
2.605210420841683194e-02 -1.776216480485616825e-02
2.805611222444889460e-02 -1.837000523181446174e-02
3.006012024048096073e-02 -1.895137803142189076e-02
3.206412825651302340e-02 -1.950879168723517951e-02
3.406813627254508953e-02 -2.004436886047480590e-02
3.607214428857714872e-02 -2.055992483584382149e-02
3.807615230460921485e-02 -2.105702657844883002e-02
4.008016032064128098e-02 -2.153703795589275577e-02
4.208416833667334017e-02 -2.200115489187816353e-02
4.408817635270540630e-02 -2.245043306273331388e-02
4.609218436873747243e-02 -2.288580998367262601e-02
4.809619238476953162e-02 -2.330812281423559965e-02
5.010020040080159776e-02 -2.371812285533856507e-02
5.210420841683366389e-02 -2.411648745961710374e-02
5.410821643286573002e-02 -2.450382989775528458e-02
5.611222444889778921e-02 -2.488070759386050435e-02
5.811623246492985534e-02 -2.524762904777523229e-02
6.012024048096192147e-02 -2.560505969148657926e-02
6.212424849699398066e-02 -2.595342687362467426e-02
6.412825651302604679e-02 -2.629312412564659487e-02
6.613226452905811292e-02 -2.662451483231445537e-02
6.813627254509017905e-02 -2.694793540508467686e-02
7.014028056112224518e-02 -2.726369803829317706e-02
7.214428857715429744e-02 -2.757209311327871518e-02
7.414829659318636357e-02 -2.787339130389629438e-02
7.615230460921842970e-02 -2.816784542753888315e-02
7.815631262525049583e-02 -2.845569207828277380e-02
8.016032064128256196e-02 -2.873715307270466313e-02
8.216432865731462809e-02 -2.901243673398156905e-02
8.416833667334668034e-02 -2.928173903584732965e-02
8.617234468937874647e-02 -2.954524462465781334e-02
8.817635270541081260e-02 -2.980312773507277913e-02
9.018036072144287874e-02 -3.005555301258306874e-02
9.218436873747494487e-02 -3.030267625421059416e-02
9.418837675350701100e-02 -3.054464507711570839e-02
9.619238476953906325e-02 -3.078159952350725814e-02
9.819639278557112938e-02 -3.101367260911843879e-02
1.002004008016031955e-01 -3.124099082155339796e-02
1.022044088176352616e-01 -3.146367457399287804e-02
1.042084168336673278e-01 -3.168183861905148058e-02
1.062124248496993939e-01 -3.189559242698229713e-02
1.082164328657314600e-01 -3.210504053191248763e-02
1.102204408817635123e-01 -3.231028284935182071e-02
1.122244488977955784e-01 -3.251141496783475221e-02
1.142284569138276445e-01 -3.270852841722581006e-02
1.162324649298597107e-01 -3.290171091593094288e-02
1.182364729458917768e-01 -3.309104659900685697e-02
1.202404809619238429e-01 -3.327661622894213106e-02
1.222444889779558952e-01 -3.345849739069226003e-02
1.242484969939879613e-01 -3.363676467238279483e-02
1.262525050100200275e-01 -3.381148983294725990e-02
1.282565130260520936e-01 -3.398274195783611978e-02
1.302605210420841597e-01 -3.415058760381815134e-02
1.322645290581162258e-01 -3.431509093379384728e-02
1.342685370741482920e-01 -3.447631384245029851e-02
1.362725450901803581e-01 -3.463431607350641456e-02
1.382765531062124242e-01 -3.478915532922669668e-02
1.402805611222444904e-01 -3.494088737281745433e-02
1.422845691382765287e-01 -3.508956612426289423e-02
1.442885771543085949e-01 -3.523524375010757270e-02
1.462925851703406610e-01 -3.537797074764610639e-02
1.482965931863727271e-01 -3.551779602394007640e-02
1.503006012024047933e-01 -3.565476697004550666e-02
1.523046092184368594e-01 -3.578892953080083789e-02
1.543086172344689255e-01 -3.592032827049587707e-02
1.563126252505009917e-01 -3.604900643471478650e-02
1.583166332665330578e-01 -3.617500600862229992e-02
1.603206412825651239e-01 -3.629836777193985731e-02
1.623246492985971901e-01 -3.641913135083873349e-02
1.643286573146292562e-01 -3.653733526695866068e-02
1.663326653306613223e-01 -3.665301698374436729e-02
1.683366733466933607e-01 -3.676621295027718284e-02
1.703406813627254268e-01 -3.687695864276522434e-02
1.723446893787574929e-01 -3.698528860384329986e-02
1.743486973947895591e-01 -3.709123647982214694e-02
1.763527054108216252e-01 -3.719483505601645090e-02
1.783567134268536913e-01 -3.729611629027104747e-02
1.803607214428857575e-01 -3.739511134479683863e-02
1.823647294589178236e-01 -3.749185061641895772e-02
1.843687374749498897e-01 -3.758636376533326662e-02
1.863727454909819559e-01 -3.767867974245993345e-02
1.883767535070140220e-01 -3.776882681547688581e-02
1.903807615230460881e-01 -3.785683259361018183e-02
1.923847695390781265e-01 -3.794272405125308223e-02
1.943887775551101926e-01 -3.802652755048083200e-02
1.963927855711422588e-01 -3.810826886252353246e-02
1.983967935871743249e-01 -3.818797318825532805e-02
2.004008016032063910e-01 -3.826566517775469717e-02
2.024048096192384572e-01 -3.834136894898668851e-02
2.044088176352705233e-01 -3.841510810565455097e-02
2.064128256513025894e-01 -3.848690575426594318e-02
2.084168336673346555e-01 -3.855678452045507854e-02
2.104208416833667217e-01 -3.862476656460039209e-02
2.124248496993987878e-01 -3.869087359677439442e-02
2.144288577154308539e-01 -3.875512689106026809e-02
2.164328657314629201e-01 -3.881754729926781972e-02
2.184368737474949584e-01 -3.887815526407912420e-02
2.204408817635270246e-01 -3.893697083165275491e-02
2.224448897795590907e-01 -3.899401366371347405e-02
2.244488977955911568e-01 -3.904930304915287670e-02
2.264529058116232230e-01 -3.910285791516498327e-02
2.284569138276552891e-01 -3.915469683793926930e-02
2.304609218436873552e-01 -3.920483805293260848e-02
2.324649298597194214e-01 -3.925329946473998105e-02
2.344689378757514875e-01 -3.930009865658321694e-02
2.364729458917835536e-01 -3.934525289943544002e-02
2.384769539078156197e-01 -3.938877916079825542e-02
2.404809619238476859e-01 -3.943069411314790301e-02
2.424849699398797520e-01 -3.947101414206495573e-02
2.444889779559117904e-01 -3.950975535406269640e-02
2.464929859719438565e-01 -3.954693358412696147e-02
2.484969939879759226e-01 -3.958256440298099643e-02
2.505010020040079888e-01 -3.961666312408689689e-02
2.525050100200400549e-01 -3.964924481039574372e-02
2.545090180360721210e-01 -3.968032428085688929e-02
2.565130260521041872e-01 -3.970991611669727472e-02
2.585170340681362533e-01 -3.973803466748023622e-02
2.605210420841683194e-01 -3.976469405695342435e-02
2.625250501002003856e-01 -3.978990818869472534e-02
2.645290581162324517e-01 -3.981369075156450388e-02
2.665330661322645178e-01 -3.983605522497236234e-02
2.685370741482965840e-01 -3.985701488396605624e-02
2.705410821643286501e-01 -3.987658280414972667e-02
2.725450901803607162e-01 -3.989477186643867329e-02
2.745490981963927823e-01 -3.991159476165691278e-02
2.765531062124248485e-01 -3.992706399498397590e-02
2.785571142284569146e-01 -3.994119189025715361e-02
2.805611222444889807e-01 -3.995399059413452109e-02
2.825651302605209914e-01 -3.996547208012442287e-02
2.845691382765530575e-01 -3.997564815248665776e-02
2.865731462925851236e-01 -3.998453045001017225e-02
2.885771543086171897e-01 -3.999213044967205033e-02
2.905811623246492559e-01 -3.999845947018248332e-02
2.925851703406813220e-01 -4.000352867541982077e-02
2.945891783567133881e-01 -4.000734907775983784e-02
2.965931863727454543e-01 -4.000993154130347979e-02
2.985971943887775204e-01 -4.001128678500641411e-02
3.006012024048095865e-01 -4.001142538571431789e-02
3.026052104208416527e-01 -4.001035778110731411e-02
3.046092184368737188e-01 -4.000809427255660328e-02
3.066132264529057849e-01 -4.000464502789692622e-02
3.086172344689378511e-01 -4.000002008411734228e-02
3.106212424849699172e-01 -3.999422934997378526e-02
3.126252505010019833e-01 -3.998728260852561084e-02
3.146292585170340494e-01 -3.997918951959934797e-02
3.166332665330661156e-01 -3.996995962218168053e-02
3.186372745490981817e-01 -3.995960233674469148e-02
3.206412825651302478e-01 -3.994812696750504877e-02
3.226452905811623140e-01 -3.993554270462006117e-02
3.246492985971943801e-01 -3.992185862632226245e-02
3.266533066132264462e-01 -3.990708370099484842e-02
3.286573146292585124e-01 -3.989122678918987502e-02
3.306613226452905785e-01 -3.987429664559127146e-02
3.326653306613226446e-01 -3.985630192092419477e-02
3.346693386773546552e-01 -3.983725116381282849e-02
3.366733466933867214e-01 -3.981715282258836003e-02
3.386773547094187875e-01 -3.979601524704817067e-02
3.406813627254508536e-01 -3.977384669016859747e-02
3.426853707414829198e-01 -3.975065530977245354e-02
3.446893787575149859e-01 -3.972644917015245164e-02
3.466933867735470520e-01 -3.970123624365238385e-02
3.486973947895791182e-01 -3.967502441220729231e-02
3.507014028056111843e-01 -3.964782146884372749e-02
3.527054108216432504e-01 -3.961963511914156494e-02
3.547094188376753165e-01 -3.959047298265845616e-02
3.567134268537073827e-01 -3.956034259431814165e-02
3.587174348697394488e-01 -3.952925140576375729e-02
3.607214428857715149e-01 -3.949720678667700130e-02
3.627254509018035811e-01 -3.946421602606459134e-02
3.647294589178356472e-01 -3.943028633351260831e-02
3.667334669338677133e-01 -3.939542484040997605e-02
3.687374749498997795e-01 -3.935963860114181229e-02
3.707414829659318456e-01 -3.932293459425364318e-02
3.727454909819639117e-01 -3.928531972358751539e-02
3.747494989979959779e-01 -3.924680081939028314e-02
3.767535070140280440e-01 -3.920738463939566626e-02
3.787575150300601101e-01 -3.916707786988017637e-02
3.807615230460921762e-01 -3.912588712669406998e-02
3.827655310621242424e-01 -3.908381895626775876e-02
3.847695390781562530e-01 -3.904087983659482175e-02
3.867735470941883191e-01 -3.899707617819166139e-02
3.887775551102203853e-01 -3.895241432503504520e-02
3.907815631262524514e-01 -3.890690055547792181e-02
3.927855711422845175e-01 -3.886054108314400402e-02
3.947895791583165837e-01 -3.881334205780188201e-02
3.967935871743486498e-01 -3.876530956621931923e-02
3.987975951903807159e-01 -3.871644963299796655e-02
4.008016032064127820e-01 -3.866676822138940400e-02
4.028056112224448482e-01 -3.861627123409260703e-02
4.048096192384769143e-01 -3.856496451403392672e-02
4.068136272545089804e-01 -3.851285384512934118e-02
4.088176352705410466e-01 -3.845994495303013683e-02
4.108216432865731127e-01 -3.840624350585191554e-02
4.128256513026051788e-01 -3.835175511488785743e-02
4.148296593186372450e-01 -3.829648533530621152e-02
4.168336673346693111e-01 -3.824043966683271512e-02
4.188376753507013772e-01 -3.818362355441835831e-02
4.208416833667334433e-01 -3.812604238889265307e-02
4.228456913827655095e-01 -3.806770150760297594e-02
4.248496993987975756e-01 -3.800860619504031063e-02
4.268537074148296417e-01 -3.794876168345169554e-02
4.288577154308617079e-01 -3.788817315343979281e-02
4.308617234468937740e-01 -3.782684573454972443e-02
4.328657314629258401e-01 -3.776478450584383473e-02
4.348697394789579063e-01 -3.770199449646444156e-02
4.368737474949899169e-01 -3.763848068618473597e-02
4.388777555110219830e-01 -3.757424800594859338e-02
4.408817635270540491e-01 -3.750930133839918551e-02
4.428857715430861153e-01 -3.744364551839673982e-02
4.448897795591181814e-01 -3.737728533352586979e-02
4.468937875751502475e-01 -3.731022552459258013e-02
4.488977955911823137e-01 -3.724247078611122447e-02
4.509018036072143798e-01 -3.717402576678172782e-02
4.529058116232464459e-01 -3.710489506995739289e-02
4.549098196392785121e-01 -3.703508325410308222e-02
4.569138276553105782e-01 -3.696459483324467804e-02
4.589178356713426443e-01 -3.689343427740953557e-02
4.609218436873747105e-01 -3.682160601305813075e-02
4.629258517034067766e-01 -3.674911442350761726e-02
4.649298597194388427e-01 -3.667596384934682097e-02
4.669338677354709088e-01 -3.660215858884337259e-02
4.689378757515029750e-01 -3.652770289834299244e-02
4.709418837675350411e-01 -3.645260099266088571e-02
4.729458917835671072e-01 -3.637685704546600451e-02
4.749498997995991734e-01 -3.630047518965762859e-02
4.769539078156312395e-01 -3.622345951773513900e-02
4.789579158316633056e-01 -3.614581408216046426e-02
4.809619238476953718e-01 -3.606754289571409422e-02
4.829659318637274379e-01 -3.598864993184403005e-02
4.849699398797595040e-01 -3.590913912500851707e-02
4.869739478957915702e-01 -3.582901437101221331e-02
4.889779559118235808e-01 -3.574827952733646008e-02
4.909819639278556469e-01 -3.566693841346290500e-02
4.929859719438877130e-01 -3.558499481119185154e-02
4.949899799599197792e-01 -3.550245246495421086e-02
4.969939879759518453e-01 -3.541931508211817320e-02
4.989979959919839114e-01 -3.533558633329013376e-02
5.010020040080159776e-01 -3.525126985261019946e-02
5.030060120240480437e-01 -3.516636923804247056e-02
5.050100200400801098e-01 -3.508088805166001412e-02
5.070140280561121759e-01 -3.499482981992479980e-02
5.090180360721442421e-01 -3.490819803396265353e-02
5.110220440881763082e-01 -3.482099614983343028e-02
5.130260521042083743e-01 -3.473322758879627409e-02
5.150300601202404405e-01 -3.464489573757026375e-02
5.170340681362725066e-01 -3.455600394859068697e-02
5.190380761523045727e-01 -3.446655554026042262e-02
5.210420841683366389e-01 -3.437655379719754822e-02
5.230460921843687050e-01 -3.428600197047801390e-02
5.250501002004007711e-01 -3.419490327787482603e-02
5.270541082164328373e-01 -3.410326090409242922e-02
5.290581162324649034e-01 -3.401107800099756329e-02
5.310621242484969695e-01 -3.391835768784615818e-02
5.330661322645290356e-01 -3.382510305150607938e-02
5.350701402805611018e-01 -3.373131714667640391e-02
5.370741482965931679e-01 -3.363700299610284522e-02
5.390781563126252340e-01 -3.354216359078968784e-02
5.410821643286573002e-01 -3.344680189020798194e-02
5.430861723446893663e-01 -3.335092082250053908e-02
5.450901803607214324e-01 -3.325452328468331276e-02
5.470941883767534986e-01 -3.315761214284351083e-02
5.490981963927855647e-01 -3.306019023233448817e-02
5.511022044088176308e-01 -3.296226035796738507e-02
5.531062124248496970e-01 -3.286382529419969167e-02
5.551102204408817631e-01 -3.276488778532065521e-02
5.571142284569138292e-01 -3.266545054563382150e-02
5.591182364729458953e-01 -3.256551625963640534e-02
5.611222444889779615e-01 -3.246508758219600332e-02
5.631262525050100276e-01 -3.236416713872428824e-02
5.651302605210419827e-01 -3.226275752534808750e-02
5.671342685370740488e-01 -3.216086130907752638e-02
5.691382765531061150e-01 -3.205848102797174276e-02
5.711422845691381811e-01 -3.195561919130178452e-02
5.731462925851702472e-01 -3.185227827971098824e-02
5.751503006012023134e-01 -3.174846074537296392e-02
5.771543086172343795e-01 -3.164416901214679723e-02
5.791583166332664456e-01 -3.153940547573028802e-02
5.811623246492985118e-01 -3.143417250381031619e-02
5.831663326653305779e-01 -3.132847243621121602e-02
5.851703406813626440e-01 -3.122230758504078788e-02
5.871743486973947102e-01 -3.111568023483388817e-02
5.891783567134267763e-01 -3.100859264269405918e-02
5.911823647294588424e-01 -3.090104703843283770e-02
5.931863727454909085e-01 -3.079304562470699599e-02
5.951903807615229747e-01 -3.068459057715368712e-02
5.971943887775550408e-01 -3.057568404452356767e-02
5.991983967935871069e-01 -3.046632814881179707e-02
6.012024048096191731e-01 -3.035652498538726762e-02
6.032064128256512392e-01 -3.024627662311971457e-02
6.052104208416833053e-01 -3.013558510450512623e-02
6.072144288577153715e-01 -3.002445244578896139e-02
6.092184368737474376e-01 -2.991288063708788525e-02
6.112224448897795037e-01 -2.980087164250952089e-02
6.132264529058115698e-01 -2.968842740027046248e-02
6.152304609218436360e-01 -2.957554982281257808e-02
6.172344689378757021e-01 -2.946224079691761588e-02
6.192384769539077682e-01 -2.934850218382004453e-02
6.212424849699398344e-01 -2.923433581931838415e-02
6.232464929859719005e-01 -2.911974351388489646e-02
6.252505010020039666e-01 -2.900472705277355734e-02
6.272545090180360328e-01 -2.888928819612665566e-02
6.292585170340680989e-01 -2.877342867907971974e-02
6.312625250501001650e-01 -2.865715021186502481e-02
6.332665330661322312e-01 -2.854045447991363643e-02
6.352705410821642973e-01 -2.842334314395584052e-02
6.372745490981963634e-01 -2.830581784012045979e-02
6.392785571142284295e-01 -2.818788018003233128e-02
6.412825651302604957e-01 -2.806953175090889582e-02
6.432865731462925618e-01 -2.795077411565502143e-02
6.452905811623246279e-01 -2.783160881295673739e-02
6.472945891783566941e-01 -2.771203735737358051e-02
6.492985971943887602e-01 -2.759206123942967159e-02
6.513026052104208263e-01 -2.747168192570348735e-02
6.533066132264528925e-01 -2.735090085891641806e-02
6.553106212424849586e-01 -2.722971945802021843e-02
6.573146292585170247e-01 -2.710813911828291803e-02
6.593186372745490909e-01 -2.698616121137406218e-02
6.613226452905811570e-01 -2.686378708544830476e-02
6.633266533066132231e-01 -2.674101806522807823e-02
6.653306613226452892e-01 -2.661785545208526088e-02
6.673346693386772444e-01 -2.649430052412148073e-02
6.693386773547093105e-01 -2.637035453624750336e-02
6.713426853707413766e-01 -2.624601872026146795e-02
6.733466933867734427e-01 -2.612129428492615882e-02
6.753507014028055089e-01 -2.599618241604522567e-02
6.773547094188375750e-01 -2.587068427653822431e-02
6.793587174348696411e-01 -2.574480100651489398e-02
6.813627254509017073e-01 -2.561853372334836967e-02
6.833667334669337734e-01 -2.549188352174735356e-02
6.853707414829658395e-01 -2.536485147382735311e-02
6.873747494989979057e-01 -2.523743862918102071e-02
6.893787575150299718e-01 -2.510964601494768134e-02
6.913827655310620379e-01 -2.498147463588170150e-02
6.933867735470941041e-01 -2.485292547442010877e-02
6.953907815631261702e-01 -2.472399949074945147e-02
6.973947895791582363e-01 -2.459469762287143715e-02
6.993987975951903024e-01 -2.446502078666820332e-02
7.014028056112223686e-01 -2.433496987596630093e-02
7.034068136272544347e-01 -2.420454576260011592e-02
7.054108216432865008e-01 -2.407374929647448925e-02
7.074148296593185670e-01 -2.394258130562626485e-02
7.094188376753506331e-01 -2.381104259628547687e-02
7.114228456913826992e-01 -2.367913395293531897e-02
7.134268537074147654e-01 -2.354685613837172523e-02
7.154308617234468315e-01 -2.341420989376196554e-02
7.174348697394788976e-01 -2.328119593870254384e-02
7.194388777555109638e-01 -2.314781497127651674e-02
7.214428857715430299e-01 -2.301406766810977153e-02
7.234468937875750960e-01 -2.287995468442710970e-02
7.254509018036071621e-01 -2.274547665410699485e-02
7.274549098196392283e-01 -2.261063418973625200e-02
7.294589178356712944e-01 -2.247542788266351094e-02
7.314629258517033605e-01 -2.233985830305254550e-02
7.334669338677354267e-01 -2.220392599993449220e-02
7.354709418837674928e-01 -2.206763150125969075e-02
7.374749498997995589e-01 -2.193097531394883407e-02
7.394789579158316251e-01 -2.179395792394334466e-02
7.414829659318636912e-01 -2.165657979625545612e-02
7.434869739478957573e-01 -2.151884137501737862e-02
7.454909819639278235e-01 -2.138074308352996486e-02
7.474949899799598896e-01 -2.124228532431092498e-02
7.494989979959919557e-01 -2.110346847914221918e-02
7.515030060120240218e-01 -2.096429290911706877e-02
7.535070140280560880e-01 -2.082475895468633223e-02
7.555110220440881541e-01 -2.068486693570433660e-02
7.575150300601202202e-01 -2.054461715147416420e-02
7.595190380761522864e-01 -2.040400988079236339e-02
7.615230460921843525e-01 -2.026304538199324642e-02
7.635270541082164186e-01 -2.012172389299236863e-02
7.655310621242484848e-01 -1.998004563133005604e-02
7.675350701402805509e-01 -1.983801079421368060e-02
7.695390781563125060e-01 -1.969561955856017482e-02
7.715430861723445721e-01 -1.955287208103736671e-02
7.735470941883766383e-01 -1.940976849810550561e-02
7.755511022044087044e-01 -1.926630892605766046e-02
7.775551102204407705e-01 -1.912249346106020126e-02
7.795591182364728366e-01 -1.897832217919234385e-02
7.815631262525049028e-01 -1.883379513648559406e-02
7.835671342685369689e-01 -1.868891236896266794e-02
7.855711422845690350e-01 -1.854367389267568694e-02
7.875751503006011012e-01 -1.839807970374423771e-02
7.895791583166331673e-01 -1.825212977839300518e-02
7.915831663326652334e-01 -1.810582407298869101e-02
7.935871743486972996e-01 -1.795916252407691108e-02
7.955911823647293657e-01 -1.781214504841818758e-02
7.975951903807614318e-01 -1.766477154302406247e-02
7.995991983967934980e-01 -1.751704188519238869e-02
8.016032064128255641e-01 -1.736895593254242712e-02
8.036072144288576302e-01 -1.722051352304952709e-02
8.056112224448896963e-01 -1.707171447507920686e-02
8.076152304609217625e-01 -1.692255858742140739e-02
8.096192384769538286e-01 -1.677304563932359091e-02
8.116232464929858947e-01 -1.662317539052418636e-02
8.136272545090179609e-01 -1.647294758128508771e-02
8.156312625250500270e-01 -1.632236193242432923e-02
8.176352705410820931e-01 -1.617141814534785518e-02
8.196392785571141593e-01 -1.602011590208139713e-02
8.216432865731462254e-01 -1.586845486530179261e-02
8.236472945891782915e-01 -1.571643467836783895e-02
8.256513026052103577e-01 -1.556405496535110192e-02
8.276553106212424238e-01 -1.541131533106625782e-02
8.296593186372744899e-01 -1.525821536110088909e-02
8.316633266533065560e-01 -1.510475462184537182e-02
8.336673346693386222e-01 -1.495093266052209546e-02
8.356713426853706883e-01 -1.479674900521455068e-02
8.376753507014027544e-01 -1.464220316489591237e-02
8.396793587174348206e-01 -1.448729462945772505e-02
8.416833667334668867e-01 -1.433202286973767059e-02
8.436873747494989528e-01 -1.417638733754758053e-02
8.456913827655310190e-01 -1.402038746570090713e-02
8.476953907815630851e-01 -1.386402266803985969e-02
8.496993987975951512e-01 -1.370729233946244019e-02
8.517034068136272174e-01 -1.355019585594891690e-02
8.537074148296592835e-01 -1.339273257458838129e-02
8.557114228456913496e-01 -1.323490183360463701e-02
8.577154308617234157e-01 -1.307670295238212016e-02
8.597194388777554819e-01 -1.291813523149128347e-02
8.617234468937875480e-01 -1.275919795271417655e-02
8.637274549098196141e-01 -1.259989037906903038e-02
8.657314629258516803e-01 -1.244021175483522867e-02
8.677354709418837464e-01 -1.228016130557780389e-02
8.697394789579158125e-01 -1.211973823817153080e-02
8.717434869739478787e-01 -1.195894174082513806e-02
8.737474949899798338e-01 -1.179777098310465580e-02
8.757515030060118999e-01 -1.163622511595721089e-02
8.777555110220439660e-01 -1.147430327173417676e-02
8.797595190380760322e-01 -1.131200456421416894e-02
8.817635270541080983e-01 -1.114932808862582371e-02
8.837675350701401644e-01 -1.098627292167021763e-02
8.857715430861722306e-01 -1.082283812154338776e-02
8.877755511022042967e-01 -1.065902272795820130e-02
8.897795591182363628e-01 -1.049482576216627557e-02
8.917835671342684289e-01 -1.033024622697972100e-02
8.937875751503004951e-01 -1.016528310679239329e-02
8.957915831663325612e-01 -9.999935367601157574e-03
8.977955911823646273e-01 -9.834201957026849142e-03
8.997995991983966935e-01 -9.668081804335124790e-03
9.018036072144287596e-01 -9.501573820456804195e-03
9.038076152304608257e-01 -9.334676898008598123e-03
9.058116232464928919e-01 -9.167389911312962339e-03
9.078156312625249580e-01 -8.999711716418050400e-03
9.098196392785570241e-01 -8.831641151117683788e-03
9.118236472945890903e-01 -8.663177034970735713e-03
9.138276553106211564e-01 -8.494318169320535725e-03
9.158316633266532225e-01 -8.325063337314163314e-03
9.178356713426852886e-01 -8.155411303921238433e-03
9.198396793587173548e-01 -7.985360815952807431e-03
9.218436873747494209e-01 -7.814910602080038168e-03
9.238476953907814870e-01 -7.644059372852574259e-03
9.258517034068135532e-01 -7.472805820716806047e-03
9.278557114228456193e-01 -7.301148620033912594e-03
9.298597194388776854e-01 -7.129086427097819541e-03
9.318637274549097516e-01 -6.956617880152924510e-03
9.338677354709418177e-01 -6.783741599411601333e-03
9.358717434869738838e-01 -6.610456187071665247e-03
9.378757515030059499e-01 -6.436760227333486808e-03
9.398797595190380161e-01 -6.262652286417238513e-03
9.418837675350700822e-01 -6.088130912579465745e-03
9.438877755511021483e-01 -5.913194636130154717e-03
9.458917835671342145e-01 -5.737841969449096122e-03
9.478957915831662806e-01 -5.562071407002356326e-03
9.498997995991983467e-01 -5.385881425358545610e-03
9.519038076152304129e-01 -5.209270483204879974e-03
9.539078156312624790e-01 -5.032237021363199572e-03
9.559118236472945451e-01 -4.854779462805676633e-03
9.579158316633266113e-01 -4.676896212670552007e-03
9.599198396793586774e-01 -4.498585658277534302e-03
9.619238476953907435e-01 -4.319846169143266683e-03
9.639278557114228096e-01 -4.140676096996504831e-03
9.659318637274548758e-01 -3.961073775793076332e-03
9.679358717434869419e-01 -3.781037521731072087e-03
9.699398797595190080e-01 -3.600565633265277905e-03
9.719438877755510742e-01 -3.419656391122156882e-03
9.739478957915831403e-01 -3.238308058314212038e-03
9.759519038076150954e-01 -3.056518880154319908e-03
9.779559118236471615e-01 -2.874287084270128311e-03
9.799599198396792277e-01 -2.691610880617982711e-03
9.819639278557112938e-01 -2.508488461497240286e-03
9.839679358717433599e-01 -2.324918001563687150e-03
9.859719438877754261e-01 -2.140897657843612162e-03
9.879759519038074922e-01 -1.956425569747270981e-03
9.899799599198395583e-01 -1.771499859082470473e-03
9.919839679358716245e-01 -1.586118630067785348e-03
9.939879759519036906e-01 -1.400279969345907946e-03
9.959919839679357567e-01 -1.213981945996711566e-03
9.979959919839678228e-01 -1.027222611550362378e-03
1.000000000000000000e+00 -8.399999999999963485e-04
