1.000000000000000000e+00 8.399999999999963485e-04
9.949748743718592747e-01 1.308592742136189873e-03
9.899497487437186605e-01 1.774291060875494638e-03
9.849246231155779352e-01 2.237125328094440469e-03
9.798994974874372099e-01 2.697125220780711725e-03
9.748743718592964846e-01 3.154319719711154001e-03
9.698492462311557594e-01 3.608737108099324947e-03
9.648241206030150341e-01 4.060404970211020127e-03
9.597989949748744198e-01 4.509350189947842688e-03
9.547738693467336946e-01 4.955598949396801921e-03
9.497487437185929693e-01 5.399176727346084725e-03
9.447236180904522440e-01 5.840108297764952557e-03
9.396984924623115187e-01 6.278417728247421246e-03
9.346733668341709045e-01 6.714128378418396208e-03
9.296482412060301792e-01 7.147262898301507544e-03
9.246231155778894539e-01 7.577843226646399470e-03
9.195979899497487287e-01 8.005890589216014402e-03
9.145728643216080034e-01 8.431425497030914026e-03
9.095477386934673891e-01 8.854467744570696311e-03
9.045226130653266639e-01 9.275036407930193488e-03
8.994974874371859386e-01 9.693149842929927110e-03
8.944723618090452133e-01 1.010882568317855550e-02
8.894472361809044880e-01 1.052208083808669689e-02
8.844221105527638738e-01 1.093293149082973093e-02
8.793969849246231485e-01 1.134139309625899379e-02
8.743718592964824232e-01 1.174748037875862974e-02
8.693467336683416979e-01 1.215120733004722980e-02
8.643216080402009727e-01 1.255258720692224543e-02
8.592964824120603584e-01 1.295163252894513360e-02
8.542713567839196331e-01 1.334835507606555415e-02
8.492462311557789079e-01 1.374276588618265384e-02
8.442211055276381826e-01 1.413487525264127236e-02
8.391959798994974573e-01 1.452469272166088954e-02
8.341708542713568431e-01 1.491222708969535543e-02
8.291457286432161178e-01 1.529748640072075422e-02
8.241206030150753925e-01 1.568047794344945220e-02
8.190954773869346672e-01 1.606120824846720557e-02
8.140703517587939420e-01 1.643968308529147881e-02
8.090452261306533277e-01 1.681590745934764472e-02
8.040201005025126024e-01 1.718988560886080402e-02
7.989949748743718771e-01 1.756162100165965453e-02
7.939698492462311519e-01 1.793111633189024140e-02
7.889447236180904266e-01 1.829837351663557085e-02
7.839195979899498123e-01 1.866339369243839169e-02
7.788944723618090871e-01 1.902617721172335588e-02
7.738693467336683618e-01 1.938672363911535246e-02
7.688442211055276365e-01 1.974503174764983063e-02
7.638190954773869112e-01 2.010109951487160096e-02
7.587939698492462970e-01 2.045492411881805542e-02
7.537688442211055717e-01 2.080650193388223004e-02
7.487437185929648464e-01 2.115582852655173082e-02
7.437185929648241212e-01 2.150289865101880429e-02
7.386934673366833959e-01 2.184770624465637648e-02
7.336683417085426706e-01 2.219024442335587252e-02
7.286432160804020564e-01 2.253050547672044712e-02
7.236180904522613311e-01 2.286848086310949366e-02
7.185929648241206058e-01 2.320416120452741329e-02
7.135678391959798805e-01 2.353753628135158912e-02
7.085427135678391553e-01 2.386859502689288662e-02
7.035175879396985410e-01 2.419732552178219254e-02
6.984924623115578157e-01 2.452371498817640383e-02
6.934673366834170904e-01 2.484774978377612964e-02
6.884422110552763652e-01 2.516941539564833061e-02
6.834170854271356399e-01 2.548869643384544040e-02
6.783919597989950256e-01 2.580557662481303485e-02
6.733668341708543004e-01 2.612003880457737862e-02
6.683417085427135751e-01 2.643206491170364131e-02
6.633165829145728498e-01 2.674163598001554065e-02
6.582914572864321245e-01 2.704873213106625401e-02
6.532663316582915103e-01 2.735333256635005816e-02
6.482412060301507850e-01 2.765541555924418485e-02
6.432160804020100597e-01 2.795495844666859991e-02
6.381909547738693345e-01 2.825193762045225682e-02
6.331658291457286092e-01 2.854632851839279672e-02
6.281407035175879949e-01 2.883810561499622685e-02
6.231155778894472697e-01 2.912724241188253266e-02
6.180904522613065444e-01 2.941371142784245454e-02
6.130653266331658191e-01 2.969748418852970195e-02
6.080402010050250938e-01 2.997853121577213203e-02
6.030150753768844796e-01 3.025682201648470168e-02
5.979899497487437543e-01 3.053232507116555514e-02
5.929648241206030290e-01 3.080500782195627271e-02
5.879396984924623037e-01 3.107483666024590460e-02
5.829145728643215785e-01 3.134177691379692182e-02
5.778894472361809642e-01 3.160579283337093537e-02
5.728643216080402389e-01 3.186684757882970315e-02
5.678391959798995137e-01 3.212490320468632671e-02
5.628140703517587884e-01 3.237992064507975998e-02
5.577889447236180631e-01 3.263185969814422910e-02
5.527638190954774489e-01 3.288067900974338265e-02
5.477386934673367236e-01 3.312633605653785007e-02
5.427135678391959983e-01 3.336878712835156247e-02
5.376884422110552730e-01 3.360798730980202320e-02
5.326633165829145478e-01 3.384389046115601068e-02
5.276381909547738225e-01 3.407644919837050229e-02
5.226130653266332082e-01 3.430561487227627021e-02
5.175879396984924830e-01 3.453133754685849127e-02
5.125628140703517577e-01 3.475356597658590951e-02
5.075376884422110324e-01 3.497224758273766165e-02
5.025125628140703071e-01 3.518732842867222654e-02
4.974874371859296374e-01 3.539875319398096826e-02
4.924623115577889676e-01 3.560646514746367702e-02
4.874371859296482423e-01 3.581040611885974445e-02
4.824120603015075170e-01 3.601051646926477223e-02
4.773869346733668473e-01 3.620673506015636284e-02
4.723618090452261220e-01 3.639899922094905899e-02
4.673366834170854522e-01 3.658724471499148756e-02
4.623115577889447270e-01 3.677140570391398966e-02
4.572864321608040017e-01 3.695141471022714980e-02
4.522613065326633319e-01 3.712720257806573221e-02
4.472361809045226066e-01 3.729869843196427504e-02
4.422110552763819369e-01 3.746582963354200269e-02
4.371859296482412116e-01 3.762852173596648725e-02
4.321608040201004863e-01 3.778669843605481082e-02
4.271356783919598166e-01 3.794028152386105801e-02
4.221105527638190913e-01 3.808919082958656110e-02
4.170854271356784215e-01 3.823334416763743415e-02
4.120603015075376963e-01 3.837265727763963102e-02
4.070351758793969710e-01 3.850704376220662195e-02
4.020100502512563012e-01 3.863641502123899008e-02
3.969849246231155759e-01 3.876068018251604963e-02
3.919597989949749062e-01 3.887974602832103971e-02
3.869346733668341809e-01 3.899351691781905577e-02
3.819095477386934556e-01 3.910189470488332347e-02
3.768844221105527859e-01 3.920477865103922516e-02
3.718592964824120606e-01 3.930206533316702583e-02
3.668341708542713353e-01 3.939364854557204226e-02
3.618090452261306655e-01 3.947941919599662342e-02
3.567839195979899403e-01 3.955926519510943179e-02
3.517587939698492705e-01 3.963307133896466772e-02
3.467336683417085452e-01 3.970071918387722831e-02
3.417085427135678199e-01 3.976208691310648830e-02
3.366834170854271502e-01 3.981704919468397746e-02
3.316582914572864249e-01 3.986547702965488604e-02
3.266331658291457551e-01 3.990723758993168502e-02
3.216080402010050299e-01 3.994219404487671377e-02
3.165829145728643046e-01 3.997020537564186654e-02
3.115577889447236348e-01 3.999112617619157706e-02
3.065326633165829096e-01 4.000480643982314011e-02
3.015075376884422398e-01 4.001109132987044209e-02
2.964824120603015145e-01 4.000982093313586868e-02
2.914572864321607892e-01 4.000082999443209386e-02
2.864321608040201195e-01 3.998394763043488370e-02
2.814070351758793942e-01 3.995899702084109578e-02
2.763819095477387244e-01 3.992579507459256827e-02
2.713567839195979992e-01 3.988415206865998652e-02
2.663316582914572739e-01 3.983387125657890382e-02
2.613065326633166041e-01 3.977474844358242639e-02
2.562814070351758788e-01 3.970657152478004187e-02
2.512562814070351536e-01 3.962911998237624717e-02
2.462311557788944838e-01 3.954216433739934922e-02
2.412060301507537585e-01 3.944546555080668399e-02
2.361809045226130610e-01 3.933877436813300321e-02
2.311557788944723635e-01 3.922183060103826696e-02
2.261306532663316660e-01 3.909436233816551004e-02
2.211055276381909684e-01 3.895608507661790093e-02
2.160804020100502432e-01 3.880670076407130575e-02
2.110552763819095456e-01 3.864589674002059938e-02
2.060301507537688481e-01 3.847334456286598259e-02
2.010050251256281506e-01 3.828869870742417775e-02
1.959798994974874531e-01 3.809159511492724720e-02
1.909547738693467278e-01 3.788164957456121446e-02
1.859296482412060303e-01 3.765845591198740266e-02
1.809045226130653328e-01 3.742158395594354786e-02
1.758793969849246352e-01 3.717057724876265262e-02
1.708542713567839100e-01 3.690495046025358411e-02
1.658291457286432125e-01 3.662418645656990990e-02
1.608040201005025149e-01 3.632773296608587943e-02
1.557788944723618174e-01 3.601499877241749054e-02
1.507537688442211199e-01 3.568534934994626456e-02
1.457286432160803946e-01 3.533810183869173782e-02
1.407035175879396971e-01 3.497251923203369139e-02
1.356783919597989996e-01 3.458780362112155726e-02
1.306532663316583021e-01 3.418308830181839703e-02
1.256281407035175768e-01 3.375742850095529712e-02
1.206030150753768793e-01 3.330979041470764207e-02
1.155778894472361817e-01 3.283903816770899348e-02
1.105527638190954842e-01 3.234391818951477121e-02
1.055276381909547728e-01 3.182304035432900746e-02
1.005025125628140753e-01 3.127485502462332145e-02
9.547738693467336391e-02 3.069762485585652081e-02
9.045226130653266639e-02 3.008938982242474053e-02
8.542713567839195499e-02 2.944792335964016572e-02
8.040201005025125747e-02 2.877067669727394195e-02
7.537688442211055995e-02 2.805470724943766661e-02
7.035175879396984855e-02 2.729658509672888700e-02
6.532663316582915103e-02 2.649226876565614897e-02
6.030150753768843963e-02 2.563693700557804350e-02
5.527638190954774211e-02 2.472475586593989028e-02
5.025125628140703765e-02 2.374854778172983544e-02
4.522613065326633319e-02 2.269930701048179095e-02
4.020100502512562873e-02 2.156546403471643752e-02
3.517587939698492427e-02 2.033171892148155982e-02
3.015075376884421982e-02 1.897708773058484621e-02
2.512562814070351883e-02 1.747139585602226070e-02
2.010050251256281437e-02 1.576837516366937433e-02
1.507537688442210991e-02 1.379019539750525603e-02
1.005025125628140718e-02 1.138517846703091668e-02
5.025125628140703592e-03 8.161869838037896438e-03
0.000000000000000000e+00 0.000000000000000000e+00
0.000000000000000000e+00 0.000000000000000000e+00
5.025125628140703592e-03 -8.161869838037896438e-03
1.005025125628140718e-02 -1.138517846703091668e-02
1.507537688442210991e-02 -1.379019539750525603e-02
2.010050251256281437e-02 -1.576837516366937433e-02
2.512562814070351883e-02 -1.747139585602226070e-02
3.015075376884421982e-02 -1.897708773058484621e-02
3.517587939698492427e-02 -2.033171892148155982e-02
4.020100502512562873e-02 -2.156546403471643752e-02
4.522613065326633319e-02 -2.269930701048179095e-02
5.025125628140703765e-02 -2.374854778172983544e-02
5.527638190954774211e-02 -2.472475586593989028e-02
6.030150753768843963e-02 -2.563693700557804350e-02
6.532663316582915103e-02 -2.649226876565614897e-02
7.035175879396984855e-02 -2.729658509672888700e-02
7.537688442211055995e-02 -2.805470724943766661e-02
8.040201005025125747e-02 -2.877067669727394195e-02
8.542713567839195499e-02 -2.944792335964016572e-02
9.045226130653266639e-02 -3.008938982242474053e-02
9.547738693467336391e-02 -3.069762485585652081e-02
1.005025125628140753e-01 -3.127485502462332145e-02
1.055276381909547728e-01 -3.182304035432900746e-02
1.105527638190954842e-01 -3.234391818951477121e-02
1.155778894472361817e-01 -3.283903816770899348e-02
1.206030150753768793e-01 -3.330979041470764207e-02
1.256281407035175768e-01 -3.375742850095529712e-02
1.306532663316583021e-01 -3.418308830181839703e-02
1.356783919597989996e-01 -3.458780362112155726e-02
1.407035175879396971e-01 -3.497251923203369139e-02
1.457286432160803946e-01 -3.533810183869173782e-02
1.507537688442211199e-01 -3.568534934994626456e-02
1.557788944723618174e-01 -3.601499877241749054e-02
1.608040201005025149e-01 -3.632773296608587943e-02
1.658291457286432125e-01 -3.662418645656990990e-02
1.708542713567839100e-01 -3.690495046025358411e-02
1.758793969849246352e-01 -3.717057724876265262e-02
1.809045226130653328e-01 -3.742158395594354786e-02
1.859296482412060303e-01 -3.765845591198740266e-02
1.909547738693467278e-01 -3.788164957456121446e-02
1.959798994974874531e-01 -3.809159511492724720e-02
2.010050251256281506e-01 -3.828869870742417775e-02
2.060301507537688481e-01 -3.847334456286598259e-02
2.110552763819095456e-01 -3.864589674002059938e-02
2.160804020100502432e-01 -3.880670076407130575e-02
2.211055276381909684e-01 -3.895608507661790093e-02
2.261306532663316660e-01 -3.909436233816551004e-02
2.311557788944723635e-01 -3.922183060103826696e-02
2.361809045226130610e-01 -3.933877436813300321e-02
2.412060301507537585e-01 -3.944546555080668399e-02
2.462311557788944838e-01 -3.954216433739934922e-02
2.512562814070351536e-01 -3.962911998237624717e-02
2.562814070351758788e-01 -3.970657152478004187e-02
2.613065326633166041e-01 -3.977474844358242639e-02
2.663316582914572739e-01 -3.983387125657890382e-02
2.713567839195979992e-01 -3.988415206865998652e-02
2.763819095477387244e-01 -3.992579507459256827e-02
2.814070351758793942e-01 -3.995899702084109578e-02
2.864321608040201195e-01 -3.998394763043488370e-02
2.914572864321607892e-01 -4.000082999443209386e-02
2.964824120603015145e-01 -4.000982093313586868e-02
3.015075376884422398e-01 -4.001109132987044209e-02
3.065326633165829096e-01 -4.000480643982314011e-02
3.115577889447236348e-01 -3.999112617619157706e-02
3.165829145728643046e-01 -3.997020537564186654e-02
3.216080402010050299e-01 -3.994219404487671377e-02
3.266331658291457551e-01 -3.990723758993168502e-02
3.316582914572864249e-01 -3.986547702965488604e-02
3.366834170854271502e-01 -3.981704919468397746e-02
3.417085427135678199e-01 -3.976208691310648830e-02
3.467336683417085452e-01 -3.970071918387722831e-02
3.517587939698492705e-01 -3.963307133896466772e-02
3.567839195979899403e-01 -3.955926519510943179e-02
3.618090452261306655e-01 -3.947941919599662342e-02
3.668341708542713353e-01 -3.939364854557204226e-02
3.718592964824120606e-01 -3.930206533316702583e-02
3.768844221105527859e-01 -3.920477865103922516e-02
3.819095477386934556e-01 -3.910189470488332347e-02
3.869346733668341809e-01 -3.899351691781905577e-02
3.919597989949749062e-01 -3.887974602832103971e-02
3.969849246231155759e-01 -3.876068018251604963e-02
4.020100502512563012e-01 -3.863641502123899008e-02
4.070351758793969710e-01 -3.850704376220662195e-02
4.120603015075376963e-01 -3.837265727763963102e-02
4.170854271356784215e-01 -3.823334416763743415e-02
4.221105527638190913e-01 -3.808919082958656110e-02
4.271356783919598166e-01 -3.794028152386105801e-02
4.321608040201004863e-01 -3.778669843605481082e-02
4.371859296482412116e-01 -3.762852173596648725e-02
4.422110552763819369e-01 -3.746582963354200269e-02
4.472361809045226066e-01 -3.729869843196427504e-02
4.522613065326633319e-01 -3.712720257806573221e-02
4.572864321608040017e-01 -3.695141471022714980e-02
4.623115577889447270e-01 -3.677140570391398966e-02
4.673366834170854522e-01 -3.658724471499148756e-02
4.723618090452261220e-01 -3.639899922094905899e-02
4.773869346733668473e-01 -3.620673506015636284e-02
4.824120603015075170e-01 -3.601051646926477223e-02
4.874371859296482423e-01 -3.581040611885974445e-02
4.924623115577889676e-01 -3.560646514746367702e-02
4.974874371859296374e-01 -3.539875319398096826e-02
5.025125628140703071e-01 -3.518732842867222654e-02
5.075376884422110324e-01 -3.497224758273766165e-02
5.125628140703517577e-01 -3.475356597658590951e-02
5.175879396984924830e-01 -3.453133754685849127e-02
5.226130653266332082e-01 -3.430561487227627021e-02
5.276381909547738225e-01 -3.407644919837050229e-02
5.326633165829145478e-01 -3.384389046115601068e-02
5.376884422110552730e-01 -3.360798730980202320e-02
5.427135678391959983e-01 -3.336878712835156247e-02
5.477386934673367236e-01 -3.312633605653785007e-02
5.527638190954774489e-01 -3.288067900974338265e-02
5.577889447236180631e-01 -3.263185969814422910e-02
5.628140703517587884e-01 -3.237992064507975998e-02
5.678391959798995137e-01 -3.212490320468632671e-02
5.728643216080402389e-01 -3.186684757882970315e-02
5.778894472361809642e-01 -3.160579283337093537e-02
5.829145728643215785e-01 -3.134177691379692182e-02
5.879396984924623037e-01 -3.107483666024590460e-02
5.929648241206030290e-01 -3.080500782195627271e-02
5.979899497487437543e-01 -3.053232507116555514e-02
6.030150753768844796e-01 -3.025682201648470168e-02
6.080402010050250938e-01 -2.997853121577213203e-02
6.130653266331658191e-01 -2.969748418852970195e-02
6.180904522613065444e-01 -2.941371142784245454e-02
6.231155778894472697e-01 -2.912724241188253266e-02
6.281407035175879949e-01 -2.883810561499622685e-02
6.331658291457286092e-01 -2.854632851839279672e-02
6.381909547738693345e-01 -2.825193762045225682e-02
6.432160804020100597e-01 -2.795495844666859991e-02
6.482412060301507850e-01 -2.765541555924418485e-02
6.532663316582915103e-01 -2.735333256635005816e-02
6.582914572864321245e-01 -2.704873213106625401e-02
6.633165829145728498e-01 -2.674163598001554065e-02
6.683417085427135751e-01 -2.643206491170364131e-02
6.733668341708543004e-01 -2.612003880457737862e-02
6.783919597989950256e-01 -2.580557662481303485e-02
6.834170854271356399e-01 -2.548869643384544040e-02
6.884422110552763652e-01 -2.516941539564833061e-02
6.934673366834170904e-01 -2.484774978377612964e-02
6.984924623115578157e-01 -2.452371498817640383e-02
7.035175879396985410e-01 -2.419732552178219254e-02
7.085427135678391553e-01 -2.386859502689288662e-02
7.135678391959798805e-01 -2.353753628135158912e-02
7.185929648241206058e-01 -2.320416120452741329e-02
7.236180904522613311e-01 -2.286848086310949366e-02
7.286432160804020564e-01 -2.253050547672044712e-02
7.336683417085426706e-01 -2.219024442335587252e-02
7.386934673366833959e-01 -2.184770624465637648e-02
7.437185929648241212e-01 -2.150289865101880429e-02
7.487437185929648464e-01 -2.115582852655173082e-02
7.537688442211055717e-01 -2.080650193388223004e-02
7.587939698492462970e-01 -2.045492411881805542e-02
7.638190954773869112e-01 -2.010109951487160096e-02
7.688442211055276365e-01 -1.974503174764983063e-02
7.738693467336683618e-01 -1.938672363911535246e-02
7.788944723618090871e-01 -1.902617721172335588e-02
7.839195979899498123e-01 -1.866339369243839169e-02
7.889447236180904266e-01 -1.829837351663557085e-02
7.939698492462311519e-01 -1.793111633189024140e-02
7.989949748743718771e-01 -1.756162100165965453e-02
8.040201005025126024e-01 -1.718988560886080402e-02
8.090452261306533277e-01 -1.681590745934764472e-02
8.140703517587939420e-01 -1.643968308529147881e-02
8.190954773869346672e-01 -1.606120824846720557e-02
8.241206030150753925e-01 -1.568047794344945220e-02
8.291457286432161178e-01 -1.529748640072075422e-02
8.341708542713568431e-01 -1.491222708969535543e-02
8.391959798994974573e-01 -1.452469272166088954e-02
8.442211055276381826e-01 -1.413487525264127236e-02
8.492462311557789079e-01 -1.374276588618265384e-02
8.542713567839196331e-01 -1.334835507606555415e-02
8.592964824120603584e-01 -1.295163252894513360e-02
8.643216080402009727e-01 -1.255258720692224543e-02
8.693467336683416979e-01 -1.215120733004722980e-02
8.743718592964824232e-01 -1.174748037875862974e-02
8.793969849246231485e-01 -1.134139309625899379e-02
8.844221105527638738e-01 -1.093293149082973093e-02
8.894472361809044880e-01 -1.052208083808669689e-02
8.944723618090452133e-01 -1.010882568317855550e-02
8.994974874371859386e-01 -9.693149842929927110e-03
9.045226130653266639e-01 -9.275036407930193488e-03
9.095477386934673891e-01 -8.854467744570696311e-03
9.145728643216080034e-01 -8.431425497030914026e-03
9.195979899497487287e-01 -8.005890589216014402e-03
9.246231155778894539e-01 -7.577843226646399470e-03
9.296482412060301792e-01 -7.147262898301507544e-03
9.346733668341709045e-01 -6.714128378418396208e-03
9.396984924623115187e-01 -6.278417728247421246e-03
9.447236180904522440e-01 -5.840108297764952557e-03
9.497487437185929693e-01 -5.399176727346084725e-03
9.547738693467336946e-01 -4.955598949396801921e-03
9.597989949748744198e-01 -4.509350189947842688e-03
9.648241206030150341e-01 -4.060404970211020127e-03
9.698492462311557594e-01 -3.608737108099324947e-03
9.748743718592964846e-01 -3.154319719711154001e-03
9.798994974874372099e-01 -2.697125220780711725e-03
9.849246231155779352e-01 -2.237125328094440469e-03
9.899497487437186605e-01 -1.774291060875494638e-03
9.949748743718592747e-01 -1.308592742136189873e-03
1.000000000000000000e+00 -8.399999999999963485e-04
