1.000000000000000000e+00 1.560859038499264268e-03
9.950893480683196124e-01 3.099008353098414107e-03
9.901760781434945091e-01 4.626417334868176447e-03
9.852602140539695741e-01 6.143137087432746710e-03
9.803417792417264964e-01 7.649217486835958521e-03
9.754207967686412406e-01 9.144707177645254592e-03
9.704972893228610564e-01 1.062965356901712788e-02
9.655712792252039156e-01 1.210410283072134267e-02
9.606427884355780433e-01 1.356809988912395168e-02
9.557118385594243204e-01 1.502168842312571508e-02
9.507784508541797797e-01 1.646491086005602220e-02
9.458426462357627518e-01 1.789780837151878218e-02
9.409044452850802154e-01 1.932042086918964868e-02
9.359638682545572408e-01 2.073278700056216395e-02
9.310209350746880830e-01 2.213494414464165644e-02
9.260756653606110333e-01 2.352692840758248416e-02
9.211280784187045878e-01 2.490877461827013459e-02
9.161781932532070405e-01 2.628051632384239764e-02
9.112260285728595033e-01 2.764218578514997943e-02
9.062716027975706856e-01 2.899381397215237965e-02
9.013149340651072094e-01 3.033543055924793272e-02
8.963560402378060177e-01 3.166706392053408176e-02
8.913949389093114295e-01 3.298874112499673023e-02
8.864316474113362876e-01 3.430048793162432386e-02
8.814661828204471972e-01 3.560232878444562904e-02
8.764985619648756332e-01 3.689428680748613881e-02
8.715288014313532505e-01 3.817638379964170131e-02
8.665569175719723960e-01 3.944864022946561327e-02
8.615829265110731550e-01 4.071107522986541771e-02
8.566068441521561549e-01 4.196370659270654696e-02
8.516286861848212375e-01 4.320655076331889055e-02
8.466484680917346628e-01 4.443962283490271448e-02
8.416662051556216273e-01 4.566293654282964354e-02
8.366819124662875362e-01 4.687650425883541777e-02
8.316956049276670315e-01 4.808033698509920489e-02
8.267072972649024409e-01 4.927444434820630464e-02
8.217170040314502044e-01 5.045883459298824286e-02
8.167247396162174988e-01 5.163351457623698015e-02
8.117305182507292827e-01 5.279848976028706647e-02
8.067343540163250948e-01 5.395376420646167542e-02
8.017362608513886046e-01 5.509934056837589855e-02
7.967362525586079158e-01 5.623522008509331677e-02
7.917343428122688431e-01 5.736140257412845195e-02
7.867305451655818294e-01 5.847788642429024158e-02
7.817248730580420579e-01 5.958466858835934077e-02
7.767173398228253145e-01 6.068174457559367269e-02
7.717079586942187097e-01 6.176910844405411605e-02
7.666967428150875952e-01 6.284675279274420934e-02
7.616837052443803380e-01 6.391466875355622523e-02
7.566688589646705099e-01 6.497284598301523995e-02
7.516522168897390443e-01 6.602127265381352306e-02
7.466337918721954736e-01 6.705993544612724733e-02
7.416135967111406879e-01 6.808881953870518644e-02
7.365916441598721054e-01 6.910790859972210098e-02
7.315679469336320295e-01 7.011718477738490551e-02
7.265425177173995275e-01 7.111662869028413658e-02
7.215153691737300479e-01 7.210621941747727415e-02
7.164865139506406688e-01 7.308593448829524275e-02
7.114559646895438627e-01 7.405574987185925551e-02
7.064237340332319981e-01 7.501563996629585784e-02
7.013898346339120238e-01 7.596557758763862467e-02
6.963542791612948868e-01 7.690553395840150908e-02
6.913170803107375750e-01 7.783547869581157463e-02
6.862782508114434465e-01 7.875537979968548485e-02
6.812378034347197353e-01 7.966520363993485898e-02
6.761957510022951201e-01 8.056491494368481221e-02
6.711521063947007981e-01 8.145447678198775021e-02
6.661068825597142862e-01 8.233385055611656955e-02
6.610600925208709455e-01 8.320299598341714120e-02
6.560117493860441185e-01 8.406187108270128661e-02
6.509618663560958751e-01 8.491043215916051212e-02
6.459104567336036995e-01 8.574863378877772835e-02
6.408575339316614494e-01 8.657642880221559645e-02
6.358031114827619179e-01 8.739376826815735411e-02
6.307472030477612179e-01 8.820060147607544643e-02
6.256898224249275442e-01 8.899687591840108047e-02
6.206309835590828605e-01 8.978253727206818302e-02
6.155707005508326279e-01 9.055752937940213243e-02
6.105089876658951198e-01 9.132179422832226168e-02
6.054458593445296577e-01 9.207527193182715730e-02
6.003813302110690975e-01 9.281790070672718551e-02
5.953154150835624492e-01 9.354961685158950935e-02
5.902481289835287415e-01 9.427035472385747461e-02
5.851794871458302350e-01 9.498004671610418836e-02
5.801095050286689814e-01 9.567862323137818481e-02
5.750381983237109473e-01 9.636601265759690838e-02
5.699655829663458073e-01 9.704214134094005240e-02
5.648916751460859587e-01 9.770693355819415338e-02
5.598164913171125301e-01 9.836031148799417867e-02
5.547400482089749341e-01 9.900219518090733195e-02
5.496623628374502912e-01 9.963250252829980447e-02
5.445834525155719419e-01 1.002511492299228008e-01
5.395033348648331506e-01 1.008580487601525161e-01
5.344220278265746638e-01 1.014531123328127060e-01
5.293395496735674444e-01 1.020362488645052690e-01
5.242559190217964682e-01 1.026073649363689194e-01
5.191711548424582379e-01 1.031663647541822965e-01
5.140852764741817849e-01 1.037131501067197203e-01
5.089983036354854828e-01 1.042476203222667402e-01
5.039102564374792204e-01 1.047696722231903493e-01
4.988211553968281975e-01 1.052792000784582988e-01
4.937310214489893934e-01 1.057760955539901876e-01
4.886398759617363030e-01 1.062602476607170526e-01
4.835477407489875978e-01 1.067315427002188538e-01
4.784546380849555858e-01 1.071898642077982883e-01
4.733605907186327344e-01 1.076350928928409695e-01
4.682656218886345201e-01 1.080671065763016275e-01
4.631697553384192534e-01 1.084857801251443710e-01
4.580730153319058084e-01 1.088909853835522135e-01
4.529754266695125708e-01 1.092825911007095918e-01
4.478770147046418626e-01 1.096604628549457117e-01
4.427778053606367670e-01 1.100244629740115970e-01
4.376778251482376647e-01 1.103744504512471636e-01
4.325771011835695123e-01 1.107102808573757896e-01
4.274756612066921146e-01 1.110318062476446516e-01
4.223735336007476415e-01 1.113388750640068592e-01
4.172707474117446358e-01 1.116313320320175273e-01
4.121673323690159263e-01 1.119090180520920519e-01
4.070633189063979640e-01 1.121717700847436328e-01
4.019587381841742690e-01 1.124194210293899404e-01
3.967927669905804700e-01 1.126504710070089094e-01
3.915852264084004886e-01 1.128592809836921479e-01
3.863766346294231213e-01 1.130450772890209815e-01
3.811670716694956496e-01 1.132076723558891329e-01
3.759566194808484085e-01 1.133468741797940688e-01
3.707453620100973346e-01 1.134624861584642569e-01
3.655333852588322774e-01 1.135543069213637707e-01
3.603207773469839781e-01 1.136221301483010954e-01
3.551076285791779363e-01 1.136657443762962016e-01
3.498940315143074242e-01 1.136849327937834164e-01
3.446800810385709513e-01 1.136794730211415361e-01
3.394658744422505703e-01 1.136491368764470100e-01
3.342515115005271764e-01 1.135936901252392883e-01
3.290370945586592044e-01 1.135128922129707840e-01
3.238227286218848811e-01 1.134064959786813820e-01
3.186085214504384422e-01 1.132742473482904882e-01
3.133945836601151891e-01 1.131158850057364107e-01
3.081810288288594490e-01 1.129311400400091342e-01
3.029679736099014087e-01 1.127197355659156353e-01
2.977555378520229667e-01 1.124813863161856914e-01
2.925438447275925391e-01 1.122157982022672085e-01
2.873330208690808019e-01 1.119226678408630909e-01
2.821231965148454646e-01 1.116016820429324291e-01
2.769145056650616499e-01 1.112525172615009272e-01
2.717070862487755978e-01 1.108748389941999479e-01
2.665010803031699349e-01 1.104683011359665762e-01
2.612966341662616987e-01 1.100325452767863393e-01
2.560938986843960263e-01 1.095671999387258233e-01
2.508930294360701696e-01 1.090718797457809197e-01
2.456941869738124562e-01 1.085461845192343261e-01
2.404975370860610862e-01 1.079896982902606439e-01
2.353032510812424760e-01 1.074019882204137744e-01
2.301115060965408243e-01 1.067826034193539303e-01
2.249224854341889679e-01 1.061310736476906436e-01
2.197363789285067537e-01 1.054469078910910268e-01
2.145533833473686758e-01 1.047295927897890777e-01
2.093737028323206795e-01 1.039785909052700769e-01
2.041975493821941989e-01 1.031933388031281568e-01
1.990251433858040708e-01 1.023732449278210860e-01
1.938567142101934038e-01 1.015176872411655551e-01
1.886925008519214630e-01 1.006260105918071052e-01
1.835327526601279735e-01 9.969752377739087013e-02
1.783777301415812033e-01 9.873149625455958367e-02
1.732277058596902453e-01 9.772715444395473072e-02
1.680829654416028940e-01 9.668367756777553057e-02
1.629438087101045540e-01 9.560019294575143600e-02
1.578105509602008572e-01 9.447577066107723520e-02
1.526835244041454820e-01 9.330941749027665821e-02
1.475630798134636157e-01 9.210006996921235589e-02
1.424495883924604689e-01 9.084658644040156938e-02
1.373434439251270400e-01 8.954773789290355890e-02
1.322450652466899690e-01 8.820219736329647231e-02
1.271548991028861042e-01 8.680852761193377787e-02
1.220734234751583436e-01 8.536516671908746245e-02
1.170011514694438426e-01 8.387041115569139615e-02
1.119386358915495927e-01 8.232239576620711818e-02
1.068864746653536146e-01 8.071906994686003922e-02
1.018453172941850005e-01 7.905816909723652197e-02
9.681587262493399071e-02 7.733718014703029608e-02
9.179891825487900003e-02 7.555329958343134922e-02
8.679531203197793365e-02 7.370338188506127264e-02
8.180600625414723159e-02 7.178387554031545603e-02
7.683206539283077285e-02 6.979074279130249858e-02
7.187468848382373710e-02 6.771935774207739345e-02
6.693523779653548500e-02 6.556437524909934644e-02
6.201527609824349779e-02 6.331955965697767807e-02
5.711661591882477573e-02 6.097755724886495116e-02
5.224138594960320292e-02 5.852958801518436116e-02
4.739212254014212033e-02 5.596501876937719222e-02
4.257189906237120181e-02 5.327075652379856946e-02
3.778451442124978327e-02 5.043035998775534379e-02
3.303477782548028263e-02 4.742269044419981233e-02
2.832895819537883941e-02 4.421977156790173752e-02
2.367553295591185575e-02 4.078320475713759219e-02
1.908652529787526961e-02 3.705773322796877128e-02
1.458012301381122859e-02 3.295856998006450878e-02
1.018651605415918891e-02 2.834299445119069574e-02
5.963766732883392548e-03 2.293268919207794992e-02
2.059712790342922619e-03 1.600891245437211299e-02
0.000000000000000000e+00 0.000000000000000000e+00
0.000000000000000000e+00 0.000000000000000000e+00
7.988446862536810814e-03 -1.401190383994300320e-02
1.413255257287607432e-02 -1.896391859551339182e-02
1.995796290448001095e-02 -2.242770850478435773e-02
2.561251559770770514e-02 -2.512201531611006622e-02
3.115427296652339972e-02 -2.732515647875988565e-02
3.661342496136654745e-02 -2.917985255496793537e-02
4.200815937477929418e-02 -3.077089054506497445e-02
4.735049939755758830e-02 -3.215352723298961490e-02
5.264892245466782500e-02 -3.336616122046535959e-02
5.790969746642613686e-02 -3.443676883272248079e-02
6.313763364153494873e-02 -3.538648878680866749e-02
6.833652988495360348e-02 -3.623176237341707573e-02
7.350945956861176800e-02 -3.698568258019256649e-02
7.865895904207276246e-02 -3.765888259369385566e-02
8.378715699666053340e-02 -3.826014242349776856e-02
8.889586596225200477e-02 -3.879681578645171464e-02
9.398664870612469247e-02 -3.927513833794639420e-02
9.906086749768798494e-02 -3.970045522152257367e-02
1.041197213727369925e-01 -4.007739233312530847e-02
1.091642748027156773e-01 -4.040998743064593696e-02
1.141954800855404101e-01 -4.070179202568914578e-02
1.192141950691691515e-01 -4.095595163963326041e-02
1.242211973508802469e-01 -4.117526978528838338e-02
1.292171957775639923e-01 -4.136225953296070179e-02
1.342028398525494659e-01 -4.151918548306388068e-02
1.391787274997147716e-01 -4.164809823937252325e-02
1.441454115248667067e-01 -4.175086295742506948e-02
1.491034050339425654e-01 -4.182918316628769090e-02
1.540531860083852178e-01 -4.188462078568837982e-02
1.589952011939315679e-01 -4.191861305527362636e-02
1.639298694258081446e-01 -4.193248693846534508e-02
1.688575844880060017e-01 -4.192747144620421335e-02
1.737787175848303500e-01 -4.190470823597303857e-02
1.786936194878063766e-01 -4.186526077190916989e-02
1.836026224091878156e-01 -4.181012227748885646e-02
1.885060416439801600e-01 -4.174022266951730314e-02
1.934041770149689254e-01 -4.165643462826508492e-02
1.982973141493019065e-01 -4.155957893153296168e-02
2.031857256103881681e-01 -4.145042915867946237e-02
2.080696719049959509e-01 -4.132971585306182555e-02
2.129494023822650073e-01 -4.119813021703496586e-02
2.178251560387546304e-01 -4.105632740195328673e-02
2.226971622415078456e-01 -4.090492944600012531e-02
2.275656413793396282e-01 -4.074452790471774083e-02
2.324308054510812738e-01 -4.057568621251195912e-02
2.372928585982787830e-01 -4.039894180789752043e-02
2.421519975888066500e-01 -4.021480805064039238e-02
2.470084122569847218e-01 -4.002377595507349700e-02
2.518622859050458906e-01 -3.982631576058730249e-02
2.567137956701742163e-01 -3.962287835752160287e-02
2.615631128607962541e-01 -3.941389658432246229e-02
2.664104032653501486e-01 -3.919978640981531398e-02
2.712558274363641719e-01 -3.898094801271741877e-02
2.760995409523356869e-01 -3.875776676903291973e-02
2.809416946596097753e-01 -3.853061415669524481e-02
2.857824348962034189e-01 -3.829984858571883199e-02
2.906219036992993554e-01 -3.806581616116660322e-02
2.954602389979437138e-01 -3.782885138540720976e-02
3.002975747923117833e-01 -3.758927780541494040e-02
3.051340413207611069e-01 -3.734740861023070485e-02
3.099697652157623606e-01 -3.710354718315159173e-02
3.148048696496840715e-01 -3.685798761272971596e-02
3.196394744713080271e-01 -3.661101516623530006e-02
3.244736963338644697e-01 -3.636290672886129116e-02
3.293076488152978376e-01 -3.611393121161782932e-02
3.341414425314032099e-01 -3.586434993056648868e-02
3.389751852424149892e-01 -3.561441695978796035e-02
3.438089819535712355e-01 -3.536437946024230394e-02
3.486429350101306612e-01 -3.511447798647712726e-02
3.534771441872739395e-01 -3.486494677295293859e-02
3.583117067752831231e-01 -3.461601400159337177e-02
3.631467176603568880e-01 -3.436790205201952636e-02
3.679822694013882289e-01 -3.412082773579717260e-02
3.728184523030029784e-01 -3.387500251590628425e-02
3.776553544851316557e-01 -3.363063271253840386e-02
3.824930619493640549e-01 -3.338791969622942335e-02
3.873316586423163899e-01 -3.314706006925090265e-02
3.921712265162187738e-01 -3.290824583610536813e-02
3.970118455869184881e-01 -3.267166456389910406e-02
4.018940340462044958e-01 -3.243696785050437237e-02
4.068376129768603855e-01 -3.219941555877554179e-02
4.117817591671222299e-01 -3.195798290450525825e-02
4.167265037772733272e-01 -3.171283698827590675e-02
4.216718772411499616e-01 -3.146414084957424584e-02
4.266179092880852397e-01 -3.121205358798495241e-02
4.315646289640875377e-01 -3.095673047795279367e-02
4.365120646522991366e-01 -3.069832307752476744e-02
4.414602440927798410e-01 -3.043697933145362439e-02
4.464091944016544411e-01 -3.017284366901601400e-02
4.513589420896634841e-01 -2.990605709687206223e-02
4.563095130801499422e-01 -2.963675728727066874e-02
4.612609327265162484e-01 -2.936507866188266605e-02
4.662132258291807330e-01 -2.909115247152360695e-02
4.711664166520622143e-01 -2.881510687201048471e-02
4.761205289386191142e-01 -2.853706699637920119e-02
4.810755859274667978e-01 -2.825715502367505058e-02
4.860316103675978439e-01 -2.797549024451231534e-02
4.909886245332245047e-01 -2.769218912358843362e-02
4.959466502382653963e-01 -2.740736535932332754e-02
5.009057088504941246e-01 -2.712112994078605052e-02
5.058658213053676134e-01 -2.683359120205695489e-02
5.108270081195510626e-01 -2.654485487416832767e-02
5.157892894041543608e-01 -2.625502413475308550e-02
5.207526848776958817e-01 -2.596419965552580755e-02
5.257172138788044347e-01 -2.567247964771204871e-02
5.306828953786770775e-01 -2.537995990553329473e-02
5.356497479932983419e-01 -2.508673384785070973e-02
5.406177899954393018e-01 -2.479289255806248898e-02
5.455870393264407037e-01 -2.449852482234481446e-02
5.505575136077959231e-01 -2.420371716632152906e-02
5.555292301525378562e-01 -2.390855389024141436e-02
5.605022059764441789e-01 -2.361311710273828607e-02
5.654764578090640814e-01 -2.331748675324493009e-02
5.704520021045786926e-01 -2.302174066312633743e-02
5.754288550525004098e-01 -2.272595455559610345e-02
5.804070325882187964e-01 -2.243020208447438213e-02
5.853865504034001521e-01 -2.213455486184382967e-02
5.903674239562460846e-01 -2.183908248465582513e-02
5.953496684816192985e-01 -2.154385256033740023e-02
6.003332990010384895e-01 -2.124893073144506692e-02
6.053183303325525566e-01 -2.095438069941171766e-02
6.103047771004947997e-01 -2.066026424742698625e-02
6.152926537451243183e-01 -2.036664126249234860e-02
6.202819745321593858e-01 -2.007356975668833990e-02
6.252727535622055743e-01 -1.978110588768968933e-02
6.302650047800844035e-01 -1.948930397856242155e-02
6.352587419840646232e-01 -1.919821653687530522e-02
6.402539788350022354e-01 -1.890789427315597501e-02
6.452507288653898110e-01 -1.861838611872113428e-02
6.502490054883213189e-01 -1.832973924290813919e-02
6.552488220063740210e-01 -1.804199906973405834e-02
6.602501916204105425e-01 -1.775520929400742701e-02
6.652531274383037818e-01 -1.746941189691639598e-02
6.702576424835892110e-01 -1.718464716111509777e-02
6.752637497040444581e-01 -1.690095368533066356e-02
6.802714619802001650e-01 -1.661836839851059747e-02
6.852807921337858987e-01 -1.633692657352988839e-02
6.902917529361083382e-01 -1.605666184047688239e-02
6.953043571163709524e-01 -1.577760619953490207e-02
7.003186173699308403e-01 -1.549979003347686998e-02
7.053345463664985049e-01 -1.522324211978887815e-02
7.103521567582814500e-01 -1.494798964243734124e-02
7.153714611880718222e-01 -1.467405820329566700e-02
7.203924722972820938e-01 -1.440147183324268047e-02
7.254152027339294539e-01 -1.413025300294748834e-02
7.304396651605689073e-01 -1.386042263335253953e-02
7.354658722621800759e-01 -1.359200010586735646e-02
7.404938367540051525e-01 -1.332500327228497775e-02
7.455235713893413330e-01 -1.305944846443066881e-02
7.505550889672896187e-01 -1.279535050355567159e-02
7.555884023404595418e-01 -1.253272270948379077e-02
7.606235244226318137e-01 -1.227157690952273249e-02
7.656604681963804504e-01 -1.201192344714747777e-02
7.706992467206535968e-01 -1.175377119046573833e-02
7.757398731383167156e-01 -1.149712754047394273e-02
7.807823606836568064e-01 -1.124199843911121918e-02
7.858267226898493218e-01 -1.098838837711966013e-02
7.908729725963900004e-01 -1.073630040171862782e-02
7.959211239564890628e-01 -1.048573612409916221e-02
8.009711904444323238e-01 -1.023669572674672928e-02
8.060231858629078872e-01 -9.989177970597781092e-03
8.110771241502993112e-01 -9.743180202037196591e-03
8.161330193879463568e-01 -9.498698359741824734e-03
8.211908858073738715e-01 -9.255726981377075668e-03
8.262507377974890321e-01 -9.014259210151047766e-03
8.313125899117483897e-01 -8.774286801232171820e-03
8.363764568752938278e-01 -8.535800128035175849e-03
8.414423535920605435e-01 -8.298788188380833153e-03
8.465102951518538310e-01 -8.063238610533488698e-03
8.515802968373986648e-01 -7.829137659121470846e-03
8.566523741313613050e-01 -7.596470240944518809e-03
8.617265427233417041e-01 -7.365219910672721366e-03
8.668028185168406008e-01 -7.135368876440700836e-03
8.718812176361979693e-01 -6.906898005340876036e-03
8.769617564335062676e-01 -6.679786828819960637e-03
8.820444514954969284e-01 -6.454013547982094361e-03
8.871293196504013157e-01 -6.229555038801752945e-03
8.922163779747864787e-01 -6.006386857250251531e-03
8.973056438003650381e-01 -5.784483244339107960e-03
9.023971347207814242e-01 -5.563817131082405762e-03
9.074908685983724688e-01 -5.344360143382694862e-03
9.125868635709043497e-01 -5.126082606841642596e-03
9.176851380582866646e-01 -4.908953551499800443e-03
9.227857107692599703e-01 -4.692940716506411973e-03
9.278886007080626719e-01 -4.478010554723688141e-03
9.329938271810732653e-01 -4.264128237266162288e-03
9.381014098034298199e-01 -4.051257657979430438e-03
9.432113685056271457e-01 -3.839361437858233948e-03
9.483237235400898690e-01 -3.628400929408990248e-03
9.534384954877250795e-01 -3.418336220956060423e-03
9.585557052644511078e-01 -3.209126140895516253e-03
9.636753741277047647e-01 -3.000728261897965370e-03
9.687975236829274861e-01 -2.793098905062676215e-03
9.739221758900270531e-01 -2.586193144023570933e-03
9.790493530698216595e-01 -2.379964809010929033e-03
9.841790779104583331e-01 -2.174366490868213757e-03
9.893113734738130383e-01 -1.969349545027981093e-03
9.944462632018675752e-01 -1.764864095446371612e-03
9.995837709230669388e-01 -1.560859038499264268e-03
