1.000000000000000000e+00 1.560859038499264268e-03
9.901264358803890664e-01 4.641791092115057048e-03
9.802423905914834368e-01 7.679534053865220457e-03
9.703480529478099026e-01 1.067448784768919474e-02
9.604436056648031350e-01 1.362703222694784666e-02
9.505292255691636383e-01 1.653752664321534935e-02
9.406050838106396750e-01 1.940631011218050053e-02
9.306713460752450429e-01 2.223370107642601984e-02
9.207281727999377940e-01 2.501999726483652639e-02
9.107757193887798808e-01 2.776547554836601359e-02
9.008141364306037069e-01 3.047039179187703561e-02
8.908435699182132295e-01 3.313498070173996612e-02
8.808641614691526955e-01 3.575945566885779803e-02
8.708760485480719904e-01 3.834400860675565154e-02
8.608793646907341168e-01 4.088880978434512176e-02
8.508742397296986670e-01 4.339400765294385010e-02
8.408608000217338008e-01 4.585972866709684542e-02
8.308391686770034701e-01 4.828607709870827436e-02
8.208094657900874003e-01 5.067313484395502554e-02
8.107718086728953333e-01 5.302096122240637643e-02
8.007263120895409259e-01 5.532959276772978635e-02
7.906730884932539061e-01 5.759904300930786952e-02
7.806122482654058725e-01 5.982930224403638225e-02
7.705438999567444380e-01 6.202033729750801305e-02
7.604681505309311973e-01 6.417209127372031086e-02
7.503851056104919870e-01 6.628448329236771852e-02
7.402948697252975663e-01 6.835740821269491174e-02
7.301975465637053908e-01 7.039073634279785496e-02
7.200932392265048110e-01 7.238431313315359106e-02
7.099820504838225688e-01 7.433795885305047313e-02
6.998640830351628983e-01 7.625146824846383564e-02
6.897394397727691917e-01 7.812461017978415689e-02
6.796082240485197268e-01 7.995712723765081853e-02
6.694705399445856076e-01 8.174873533497439837e-02
6.593264925481050476e-01 8.349912327303805892e-02
6.491761882301562148e-01 8.520795227935847038e-02
6.390197349293339490e-01 8.687485551474694034e-02
6.288572424402776306e-01 8.849943754674693963e-02
6.186888227075232338e-01 9.008127378632473092e-02
6.085145901251024503e-01 9.161990988435654570e-02
5.983346618423516228e-01 9.311486108407608653e-02
5.881491580764471871e-01 9.456561152522321989e-02
5.779582024322413858e-01 9.597161349515215267e-02
5.677619222300366308e-01 9.733228662161563793e-02
5.575604488420117244e-01 9.864701700132129381e-02
5.473539180380951885e-01 9.991515625765745590e-02
5.371424703421746605e-01 1.011360205201835838e-01
5.269262513996443298e-01 1.023088893175679998e-01
5.167054123574043034e-01 1.034330043746088112e-01
5.064801102575785530e-01 1.045075683027730240e-01
4.962505084463688654e-01 1.055317431723067773e-01
4.860167769996515674e-01 1.065046489523750056e-01
4.757790931671344037e-01 1.074253618038430447e-01
4.655376418371373615e-01 1.082929122071698280e-01
4.552926160243471743e-01 1.091062829053910666e-01
4.450442173832205861e-01 1.098644066392569923e-01
4.347926567501056994e-01 1.105661636481793664e-01
4.245381547175940962e-01 1.112103789066320875e-01
4.142809422451519952e-01 1.117958190609179975e-01
4.040212613107013739e-01 1.123211890256121670e-01
3.936368116517399707e-01 1.127797595182378348e-01
3.831668115643627748e-01 1.131480178819402327e-01
3.726930925218963075e-01 1.134220510032361989e-01
3.622163385085678811e-01 1.136002569636963000e-01
3.517372677238969625e-01 1.136809540722491935e-01
3.412566347784525278e-01 1.136623744550514792e-01
3.307752331132451928e-01 1.135426567637070061e-01
3.202938976796648740e-01 1.133198378522483896e-01
3.098135079242528844e-01 1.129918432426069014e-01
2.993349911317304546e-01 1.125564761601109687e-01
2.888593261910959997e-01 1.120114048727149925e-01
2.783875478638957457e-01 1.113541480073140383e-01
2.679207516518526955e-01 1.105820574398004436e-01
2.574600993840850949e-01 1.096922982572612337e-01
2.470068256737704415e-01 1.086818251637611948e-01
2.365622454325529422e-01 1.075473545356305655e-01
2.261277626813456565e-01 1.062853311142272772e-01
2.157048809628478170e-01 1.048918880341415116e-01
2.052952157503713515e-01 1.033627984944976985e-01
1.949005093685926837e-01 1.016934168491815532e-01
1.845226491081264075e-01 9.987860615735610903e-02
1.741636894476420450e-01 9.791264820635404986e-02
1.638258796256838734e-01 9.578913055321930381e-02
1.535116982779630157e-01 9.350080300638449748e-02
1.432238975523401903e-01 9.103939282796813526e-02
1.329655601604184390e-01 8.839536319143731502e-02
1.227401744366774378e-01 8.555759208140838179e-02
1.125517350281508983e-01 8.251293712654965418e-02
1.024048810068953763e-01 7.924563264541759078e-02
9.230509025908772980e-02 7.573643246771603887e-02
8.225896147781563972e-02 7.196135398239147940e-02
7.227463823609975302e-02 6.788977040805825591e-02
6.236247520401055899e-02 6.348138348816699528e-02
5.253614309509669483e-02 5.868115140716615580e-02
4.281459275960902700e-02 5.341017975398886647e-02
3.322588315014488730e-02 4.754778123497439141e-02
2.381567177284258513e-02 4.089125313497397191e-02
1.467017655678482489e-02 3.304586739622177721e-02
6.005224987935723659e-03 2.299296383578478681e-02
0.000000000000000000e+00 0.000000000000000000e+00
0.000000000000000000e+00 0.000000000000000000e+00
1.419259087997404474e-02 -1.900440524772786105e-02
2.572545517903471538e-02 -2.517075939115797148e-02
3.677777583088671920e-02 -2.923160488395333198e-02
4.756538032149418282e-02 -3.220560190904697001e-02
5.817448657993982281e-02 -3.448747852420472326e-02
6.865075211236192076e-02 -3.627993744457533309e-02
7.902223587135782934e-02 -3.770366596381953539e-02
8.930788870717840111e-02 -3.883755849300421503e-02
9.952138133337228021e-02 -3.973665684768089290e-02
1.096730684200099698e-01 -4.044125928439896295e-02
1.197710935401120752e-01 -4.098199258454408855e-02
1.298220553867663329e-01 -4.138283935916976103e-02
1.398314318461495731e-01 -4.166304577857215391e-02
1.498038619903183655e-01 -4.183837752419480166e-02
1.597433404663063383e-01 -4.192197696736939955e-02
1.696533556085932926e-01 -4.192496612347956092e-02
1.795369901287822145e-01 -4.185688181905823646e-02
1.893969961747337949e-01 -4.172599679198688016e-02
1.992358523821592120e-01 -4.153956123383290011e-02
2.090558079896027155e-01 -4.130398758755234739e-02
2.188589174757337996e-01 -4.102499406581255892e-02
2.286470681311671138e-01 -4.070771760945045975e-02
2.384220022805790540e-01 -4.035680386458040392e-02
2.481853353972814646e-01 -3.997647963207788535e-02
2.579385710239737728e-01 -3.957061177735278490e-02
2.676831131815689546e-01 -3.914275555904711545e-02
2.774202767817111059e-01 -3.869619460083067314e-02
2.871512964375778076e-01 -3.823397419863867885e-02
2.968773339782872500e-01 -3.775892926538410022e-02
3.065994849055625471e-01 -3.727370792517457204e-02
3.163187839809499247e-01 -3.678079155111505655e-02
3.260362100934477425e-01 -3.628251187525112498e-02
3.357526905277772311e-01 -3.578106567225440571e-02
3.454691047304796481e-01 -3.527852742019359222e-02
3.551862876529450208e-01 -3.477686026503605532e-02
3.649050327361837431e-01 -3.427792555517793910e-02
3.746260945907651241e-01 -3.378349116446269229e-02
3.843501914162084643e-01 -3.329523878396162956e-02
3.940780071967410203e-01 -3.281477033210417060e-02
4.038913734056894245e-01 -3.234146518143792004e-02
4.138295083391485552e-01 -3.185689888516376328e-02
4.237701117346161506e-01 -3.135759980865348434e-02
4.337134255700142993e-01 -3.084486303733192589e-02
4.436596808048092200e-01 -3.031992192489629118e-02
4.536090980315924392e-01 -2.978395149687268831e-02
4.635618880867120040e-01 -2.923807151384936326e-02
4.735182526246248247e-01 -2.868334923507607701e-02
4.834783846600172463e-01 -2.812080191751710478e-02
4.934424690812097558e-01 -2.755139908071349217e-02
5.034106831379099312e-01 -2.697606456379997644e-02
5.133831969059939881e-01 -2.639567839761157442e-02
5.233601737316636582e-01 -2.581107851190212951e-02
5.333417706570430239e-01 -2.522306229520464294e-02
5.433281388290324143e-01 -2.463238802272104538e-02
5.533194238930254638e-01 -2.403977616578300419e-02
5.633157663729104758e-01 -2.344591059483104589e-02
5.733173020386154173e-01 -2.285143968647678978e-02
5.833241622623193123e-01 -2.225697734401269404e-02
5.933364743643247952e-01 -2.166310393968598827e-02
6.033543619494835530e-01 -2.107036718614243784e-02
6.133779452349726879e-01 -2.047928294364219012e-02
6.234073413701279875e-01 -1.989033596895154951e-02
6.334426647489815876e-01 -1.930398061119429493e-02
6.434840273160690183e-01 -1.872064145940409083e-02
6.535315388660297709e-01 -1.814071394603755313e-02
6.635853073374591293e-01 -1.756456491028335343e-02
6.736454391014347065e-01 -1.699253312462482499e-02
6.837120392450951600e-01 -1.642492978777876714e-02
6.937852118506111498e-01 -1.586203898683463676e-02
7.038650602698612868e-01 -1.530411813115305740e-02
7.139516873950888520e-01 -1.475139836034352302e-02
7.240451959257978576e-01 -1.420408492843067139e-02
7.341456886321156006e-01 -1.366235756612624655e-02
7.442532686148308763e-01 -1.312637082295311543e-02
7.543680395623014734e-01 -1.259625439081539684e-02
7.644901060043979291e-01 -1.207211341046832143e-02
7.746195735636461910e-01 -1.155402876221749663e-02
7.847565492037080759e-01 -1.104205734206536137e-02
7.949011414753307525e-01 -1.053623232441921846e-02
8.050534607598862635e-01 -1.003656341238338273e-02
8.152136195106037819e-01 -9.543037076575141067e-03
8.253817324915976306e-01 -9.055616783327094868e-03
8.355579170147769963e-01 -8.574243213069933714e-03
8.457422931747219375e-01 -8.098834469626796720e-03
8.559349840815962951e-01 -7.629286281093504256e-03
8.661361160921681179e-01 -7.165472192925046585e-03
8.763458190389973312e-01 -6.707243753803773627e-03
8.865642264578464937e-01 -6.254430694818071193e-03
8.967914758133659348e-01 -5.806841102442903205e-03
9.070277087230993462e-01 -5.364261585775186546e-03
9.172730711798511294e-01 -4.926457438444599608e-03
9.275277137724536880e-01 -4.493172795588579529e-03
9.377917919049688633e-01 -4.064130786253092147e-03
9.480654660143547074e-01 -3.639033681553585555e-03
9.583489017866249071e-01 -3.217563038907291992e-03
9.686422703715278359e-01 -2.799379842625392481e-03
9.789457485957641092e-01 -2.384124641133787172e-03
9.892595191747681760e-01 -1.971417681071556838e-03
9.995837709230669388e-01 -1.560859038499264268e-03
