1.000000000000000000e+00 1.560859038499264268e-03
9.980419592022231612e-01 2.175560147710219917e-03
9.960834997361288634e-01 2.788548153151506302e-03
9.941246231354332608e-01 3.399826366077998967e-03
9.921653309238842589e-01 4.009398066811766144e-03
9.902056246153262409e-01 4.617266504703841298e-03
9.882455057137634613e-01 5.223434898095004504e-03
9.862849757134238837e-01 5.827906434276988387e-03
9.843240360988240178e-01 6.430684269452990182e-03
9.823626883448318692e-01 7.031771528698690758e-03
9.804009339167322201e-01 7.631171305922544203e-03
9.784387742702903568e-01 8.228886663826387449e-03
9.764762108518165729e-01 8.824920633865000405e-03
9.745132450982310068e-01 9.419276216206994012e-03
9.725498784371273686e-01 1.001195637969409802e-02
9.705861122868384427e-01 1.060296406180112269e-02
9.686219480565005924e-01 1.119230216859528823e-02
9.666573871461180412e-01 1.177997357469565305e-02
9.646924309466290426e-01 1.236598112323259238e-02
9.627270808399691626e-01 1.295032762580616489e-02
9.607613381991376711e-01 1.353301586244563988e-02
9.587952043882622677e-01 1.411404858156759499e-02
9.568286807626646961e-01 1.469342849993461424e-02
9.548617686689250261e-01 1.527115830261359386e-02
9.528944694449485997e-01 1.584724064293361809e-02
9.509267844200302022e-01 1.642167814244402738e-02
9.489587149149205647e-01 1.699447339087188300e-02
9.469902622418918670e-01 1.756562894607967273e-02
9.450214277048029077e-01 1.813514733402240078e-02
9.430522125991661619e-01 1.870303104870476088e-02
9.410826182122122852e-01 1.926928255213793476e-02
9.391126458229576146e-01 1.983390427429609221e-02
9.371422967022695616e-01 2.039689861307324853e-02
9.351715721129323367e-01 2.095826793423878967e-02
9.332004733097146731e-01 2.151801457139407292e-02
9.312290015394347753e-01 2.207614082592777513e-02
9.292571580410281529e-01 2.263264896697159481e-02
9.272849440456131243e-01 2.318754123135546505e-02
9.253123607765579850e-01 2.374081982356257906e-02
9.233394094495478432e-01 2.429248691568430471e-02
9.213660912726514551e-01 2.484254464737455093e-02
9.193924074463880602e-01 2.539099512580418605e-02
9.174183591637945501e-01 2.593784042561500178e-02
9.154439476104927476e-01 2.648308258887372910e-02
9.134691739647562425e-01 2.702672362502539158e-02
9.114940393975781152e-01 2.756876551084640192e-02
9.095185450727384380e-01 2.810921019039793953e-02
9.075426921468715546e-01 2.864805957497847111e-02
9.055664817695334712e-01 2.918531554307608397e-02
9.035899150832705784e-01 2.972097994032109336e-02
9.016129932236860434e-01 3.025505457943738347e-02
8.996357173195089763e-01 3.078754124019408497e-02
8.976580884926618209e-01 3.131844166935744689e-02
8.956801078583283005e-01 3.184775758064108120e-02
8.937017765250225843e-01 3.237549065465714776e-02
8.917230955946561233e-01 3.290164253886656426e-02
8.897440661626074832e-01 3.342621484752907046e-02
8.877646893177898457e-01 3.394920916165294206e-02
8.857849661427201760e-01 3.447062702894465591e-02
8.838048977135877227e-01 3.499046996375789614e-02
8.818244851003227414e-01 3.550873944704201896e-02
8.798437293666655501e-01 3.602543692629107952e-02
8.778626315702355853e-01 3.654056381549138088e-02
8.758811927626002358e-01 3.705412149506946001e-02
8.738994139893445645e-01 3.756611131183957425e-02
8.719172962901395874e-01 3.807653457895059101e-02
8.699348406988132165e-01 3.858539257583293303e-02
8.679520482434185391e-01 3.909268654814423982e-02
8.659689199463038722e-01 3.959841770771607705e-02
8.639854568241824850e-01 4.010258723249898044e-02
8.620016598882027647e-01 4.060519626650791608e-02
8.600175301440174946e-01 4.110624591976697051e-02
8.580330685918542422e-01 4.160573726825335383e-02
8.560482762265859691e-01 4.210367135384207593e-02
8.540631540378000874e-01 4.260004918424900588e-02
8.520777030098707350e-01 4.309487173297418816e-02
8.500919241220270539e-01 4.358813993924438857e-02
8.481058183484255775e-01 4.407985470795576510e-02
8.461193866582199519e-01 4.457001690961531759e-02
8.441326300156322127e-01 4.505862738028262177e-02
8.421455493800236169e-01 4.554568692151052950e-02
8.401581457059652536e-01 4.603119630028590370e-02
8.381704199433100966e-01 4.651515624896968015e-02
8.361823730372636154e-01 4.699756746523605505e-02
8.341940059284551623e-01 4.747843061201222070e-02
8.322053195530099146e-01 4.795774631741642896e-02
8.302163148426199291e-01 4.843551517469644324e-02
8.282269927246166397e-01 4.891173774216692888e-02
8.262373541220419115e-01 4.938641454314697532e-02
8.242473999537205387e-01 4.985954606589609178e-02
8.222571311343325196e-01 5.033113276355083432e-02
8.202665485744842222e-01 5.080117505406023248e-02
8.182756531807821032e-01 5.126967332012050127e-02
8.162844458559045391e-01 5.173662790910985021e-02
8.142929274986742127e-01 5.220203913302236959e-02
8.123010990041311663e-01 5.266590726840104930e-02
8.103089612636054095e-01 5.312823255627104752e-02
8.083165151647905278e-01 5.358901520207136338e-02
8.063237615918157353e-01 5.404825537558699544e-02
8.043307014253198162e-01 5.450595321087924050e-02
8.023373355425247322e-01 5.496210880621693606e-02
8.003436648173081203e-01 5.541672222400547548e-02
7.983496901202780105e-01 5.586979349071636430e-02
7.963554123188457678e-01 5.632132259681557618e-02
7.943608322773004771e-01 5.677130949669141613e-02
7.923659508568827725e-01 5.721975410858198829e-02
7.903707689158592231e-01 5.766665631450113710e-02
7.883752873095961622e-01 5.811201596016497134e-02
7.863795068906346275e-01 5.855583285491650775e-02
7.843834285087648572e-01 5.899810677165048811e-02
7.823870530111005639e-01 5.943883744673696123e-02
7.803903812421545405e-01 5.987802457994412242e-02
7.783934140439129346e-01 6.031566783436099338e-02
7.763961522559111872e-01 6.075176683631888785e-02
7.743985967153083072e-01 6.118632117531185022e-02
7.724007482569636984e-01 6.161933040391717742e-02
7.704026077135114337e-01 6.205079403771412289e-02
7.684041759154367490e-01 6.248071155520305148e-02
7.664054536911517612e-01 6.290908239772220745e-02
7.644064418670716288e-01 6.333590596936539141e-02
7.624071412676908244e-01 6.376118163689716012e-02
7.604075527156589631e-01 6.418490872966872707e-02
7.584076770318582961e-01 6.460708653953166347e-02
7.564075150354795385e-01 6.502771432075163394e-02
7.544070675440992524e-01 6.544679128992073047e-02
7.524063353737563409e-01 6.586431662586916813e-02
7.504053193390300969e-01 6.628028946957614798e-02
7.484040202531166974e-01 6.669470892407940166e-02
7.464024389279071414e-01 6.710757405438418088e-02
7.444005761740649652e-01 6.751888388737099789e-02
7.423984328011039580e-01 6.792863741170271363e-02
7.403960096174660999e-01 6.833683357773030764e-02
7.383933074306003874e-01 6.874347129739771800e-02
7.363903270470403273e-01 6.914854944414604299e-02
7.343870692724832061e-01 6.955206685281595247e-02
7.323835349118686944e-01 6.995402231954971073e-02
7.303797247694575612e-01 7.035441460169196415e-02
7.283756396489109441e-01 7.075324241768901623e-02
7.263712803533699525e-01 7.115050444698786669e-02
7.243666476855343817e-01 7.154619932993298848e-02
7.223617424477437599e-01 7.194032566766310477e-02
7.203565654420555076e-01 7.233288202200570394e-02
7.183511174703266500e-01 7.272386691537155445e-02
7.163453993342929760e-01 7.311327883064677735e-02
7.143394118356504174e-01 7.350111621108472437e-02
7.123331557761347632e-01 7.388737746019599650e-02
7.103266319576034826e-01 7.427206094163739392e-02
7.083198411821164386e-01 7.465516497909974181e-02
7.063127842520171562e-01 7.503668785619389825e-02
7.043054619700142016e-01 7.541662781633631796e-02
7.022978751392638941e-01 7.579498306263199314e-02
7.002900245634507970e-01 7.617175175775753315e-02
6.982819110468713175e-01 7.654693202384153794e-02
6.962735353945151973e-01 7.692052194234418050e-02
6.942648984121486677e-01 7.729251955393551254e-02
6.922560009063969400e-01 7.766292285837156362e-02
6.902468436848279154e-01 7.803172981436988509e-02
6.882374275560351196e-01 7.839893833948283208e-02
6.862277533297210796e-01 7.876454630996959638e-02
6.842178218167817016e-01 7.912855156066682383e-02
6.822076338293902031e-01 7.949095188485726104e-02
6.801971901810811572e-01 7.985174503413709768e-02
6.781864916868356463e-01 8.021092871828133797e-02
6.761755391631655288e-01 8.056850060510803435e-02
6.741643334281989253e-01 8.092445832034018960e-02
6.721528753017653735e-01 8.127879944746618790e-02
6.701411656054817589e-01 8.163152152759861613e-02
6.681292051628380246e-01 8.198262205933105895e-02
6.661169947992832130e-01 8.233209849859311757e-02
6.641045353423122855e-01 8.267994825850354113e-02
6.620918276215526088e-01 8.302616870922154002e-02
6.600788724688514408e-01 8.337075717779625361e-02
6.580656707183624166e-01 8.371371094801395574e-02
6.560522232066341441e-01 8.405502726024335902e-02
6.540385307726974684e-01 8.439470331127936487e-02
6.520245942581537335e-01 8.473273625418388522e-02
6.500104145072640449e-01 8.506912319812527656e-02
6.479959923670368660e-01 8.540386120821540084e-02
6.459813286873185012e-01 8.573694730534425767e-02
6.439664243208818029e-01 8.606837846601286812e-02
6.419512801235162103e-01 8.639815162216350763e-02
6.399358969541175668e-01 8.672626366100781581e-02
6.379202756747792691e-01 8.705271142485247748e-02
6.359044171508829724e-01 8.737749171092280831e-02
6.338883222511886295e-01 8.770060127118320392e-02
6.318719918479280828e-01 8.802203681215613196e-02
6.298554268168951031e-01 8.834179499473771013e-02
6.278386280375383155e-01 8.865987243401118878e-02
6.258215963930542358e-01 8.897626569905779659e-02
6.238043327704795304e-01 8.929097131276475530e-02
6.217868380607850520e-01 8.960398575163071311e-02
6.197691131589692093e-01 8.991530544556834703e-02
6.177511589641521139e-01 9.022492677770441172e-02
6.157329763796703936e-01 9.053284608417654089e-02
6.137145663131716722e-01 9.083905965392735649e-02
6.116959296767109366e-01 9.114356372849563570e-02
6.096770673868450174e-01 9.144635450180445269e-02
6.076579803647297329e-01 9.174742811994608671e-02
6.056386695362164785e-01 9.204678068096402987e-02
6.036191358319488165e-01 9.234440823463176129e-02
6.015993801874603975e-01 9.264030678222776038e-02
5.995794035432732150e-01 9.293447227630824425e-02
5.975592068449950833e-01 9.322690062047554738e-02
5.955387910434197796e-01 9.351758766914365639e-02
5.935181570946257423e-01 9.380652922729976195e-02
5.914973059600759919e-01 9.409372105026260480e-02
5.894762386067188276e-01 9.437915884343724138e-02
5.874549560070884135e-01 9.466283826206574326e-02
5.854334591394062537e-01 9.494475491097431608e-02
5.834117489876832208e-01 9.522490434431664375e-02
5.813898265418219191e-01 9.550328206531294439e-02
5.793676927977200464e-01 9.577988352598568178e-02
5.773453487573729781e-01 9.605470412689043336e-02
5.753227954289787949e-01 9.632773921684290030e-02
5.733000338270428653e-01 9.659898409264219832e-02
5.712770649724822070e-01 9.686843399878863892e-02
5.692538898927327340e-01 9.713608412719830498e-02
5.672305096218543952e-01 9.740192961691225559e-02
5.652069252006390876e-01 9.766596555380163691e-02
5.631831376767175712e-01 9.792818697026792196e-02
5.611591481046682706e-01 9.818858884493834871e-02
5.591349575461264099e-01 9.844716610235645926e-02
5.571105670698930368e-01 9.870391361266778185e-02
5.550859777520453786e-01 9.895882619130041968e-02
5.530611906760483087e-01 9.921189859864014415e-02
5.510362069328652579e-01 9.946312553970076964e-02
5.490110276210710127e-01 9.971250166378871349e-02
5.469856538469647367e-01 9.996002156416207429e-02
5.449600867246835456e-01 1.002056797776843255e-01
5.429343273763171940e-01 1.004494707844720142e-01
5.409083769320233159e-01 1.006913890075367413e-01
5.388822365301434436e-01 1.009314288124211340e-01
5.368559073173201357e-01 1.011695845068289190e-01
5.348293904486142170e-01 1.014058503402482242e-01
5.328026870876235721e-01 1.016402205035691897e-01
5.307757984066022727e-01 1.018726891286946407e-01
5.287487255865808145e-01 1.021032502881442650e-01
5.267214698174873533e-01 1.023318979946518659e-01
5.246940322982691640e-01 1.025586262007563282e-01
5.226664142370162081e-01 1.027834287983846046e-01
5.206386168510838131e-01 1.030062996184278046e-01
5.186106413672184612e-01 1.032272324303106920e-01
5.165824890216830223e-01 1.034462209415522166e-01
5.145541610603830973e-01 1.036632587973199127e-01
5.125256587389945828e-01 1.038783395799748183e-01
5.104969833230933451e-01 1.040914568086099556e-01
5.084681360882837842e-01 1.043026039385794856e-01
5.064391183203298397e-01 1.045117743610197020e-01
5.044099313152872188e-01 1.047189614023621013e-01
5.023805763796359569e-01 1.049241583238366138e-01
5.003510548304148653e-01 1.051273583209667989e-01
4.983213679953563124e-01 1.053285545230553955e-01
4.962915172130226704e-01 1.055277399926605880e-01
4.942615038329443156e-01 1.057249077250629471e-01
4.922313292157581288e-01 1.059200506477220444e-01
4.902009947333475504e-01 1.061131616197237976e-01
4.881705017689841331e-01 1.063042334312166715e-01
4.861398517174700951e-01 1.064932588028384142e-01
4.841090459852822048e-01 1.066802303851309974e-01
4.820780859907176086e-01 1.068651407579456897e-01
4.800469731640398252e-01 1.070479824298359861e-01
4.780157089476276822e-01 1.072287478374395892e-01
4.759842947961245296e-01 1.074074293448483708e-01
4.739527321765895640e-01 1.075840192429666636e-01
4.719210225686502058e-01 1.077585097488567428e-01
4.698891674646568095e-01 1.079308930050723175e-01
4.678571683698377615e-01 1.081011610789783667e-01
4.658250268024576313e-01 1.082693059620586512e-01
4.637927442939757117e-01 1.084353195692088767e-01
4.617603223892071118e-01 1.085991937380166861e-01
4.597277626464850719e-01 1.087609202280270942e-01
4.576950666378254984e-01 1.089204907199933653e-01
4.556622359490928309e-01 1.090778968151134565e-01
4.536292721801682415e-01 1.092331300342506556e-01
4.515961769451193875e-01 1.093861818171388695e-01
4.495629518723723850e-01 1.095370435215722860e-01
4.475295986048855035e-01 1.096857064225777029e-01
4.454961188003250250e-01 1.098321617115712578e-01
4.434625141312433239e-01 1.099764004954969787e-01
4.414287862852590005e-01 1.101184137959480142e-01
4.393949369652391246e-01 1.102581925482700870e-01
4.373609678894836428e-01 1.103957276006458099e-01
4.353268807919126182e-01 1.105310097131604469e-01
4.332926774222547461e-01 1.106640295568480231e-01
4.312583595462397557e-01 1.107947777127173961e-01
4.292239289457919771e-01 1.109232446707576897e-01
4.271893874192270180e-01 1.110494208289230234e-01
4.251547367814511591e-01 1.111732964920954941e-01
4.231199788641630821e-01 1.112948618710254828e-01
4.210851155160583725e-01 1.114141070812503520e-01
4.190501486030371314e-01 1.115310221419885395e-01
4.170150800084139187e-01 1.116455969750106553e-01
4.149799116331314153e-01 1.117578214034854606e-01
4.129446453959760288e-01 1.118676851508007136e-01
4.109092832337974954e-01 1.119751778393583280e-01
4.088738271017314796e-01 1.120802889893423582e-01
4.068382789734249494e-01 1.121830080174602146e-01
4.048026408412652710e-01 1.122833242356555544e-01
4.027669147166129671e-01 1.123812268497919875e-01
4.007311026300372503e-01 1.124767049583078465e-01
3.986709654111834644e-01 1.125695362646434161e-01
3.965945040745157413e-01 1.126588409328876383e-01
3.945178635768431530e-01 1.127445136152813443e-01
3.924410488427472199e-01 1.128265427581128938e-01
3.903640648436071392e-01 1.129049167013330690e-01
3.882869165981406301e-01 1.129796236771099804e-01
3.862096091729534941e-01 1.130506518083491119e-01
3.841321476830987791e-01 1.131179891071780047e-01
3.820545372926451577e-01 1.131816234733936249e-01
3.799767832152547986e-01 1.132415426928723712e-01
3.778988907147717291e-01 1.132977344359403504e-01
3.758208651058198013e-01 1.133501862557044215e-01
3.737427117544119270e-01 1.133988855863409528e-01
3.716644360785694712e-01 1.134438197413426691e-01
3.695860435489534690e-01 1.134849759117213669e-01
3.675075396895067792e-01 1.135223411641654440e-01
3.654289300781085603e-01 1.135559024391509519e-01
3.633502203472407932e-01 1.135856465490046180e-01
3.612714161846669603e-01 1.136115601759176003e-01
3.591925233341247137e-01 1.136336298699080344e-01
3.571135475960305339e-01 1.136518420467311913e-01
3.550344948281990987e-01 1.136661829857356643e-01
3.529553709465764189e-01 1.136766388276633372e-01
3.508761819259879067e-01 1.136831955723919957e-01
3.487969338009008213e-01 1.136858390766185833e-01
3.467176326662028130e-01 1.136845550514808262e-01
3.446382846779961762e-01 1.136793290601159911e-01
3.425588960544088679e-01 1.136701465151540441e-01
3.404794730764219013e-01 1.136569926761437088e-01
3.384000220887152799e-01 1.136398526469084430e-01
3.363205495005308632e-01 1.136187113728312631e-01
3.342410617865547717e-01 1.135935536380644345e-01
3.321615654878189994e-01 1.135643640626636391e-01
3.300820672126222322e-01 1.135311270996418320e-01
3.280025736374719836e-01 1.134938270319416631e-01
3.259230915080477131e-01 1.134524479693236748e-01
3.238436276401857050e-01 1.134069738451663895e-01
3.217641889208867068e-01 1.133573884131761772e-01
3.196847823093469931e-01 1.133036752440037681e-01
3.176054148380136333e-01 1.132458177217637862e-01
3.155260936136645156e-01 1.131837990404541416e-01
3.134468258185145739e-01 1.131176022002719078e-01
3.113676187113485483e-01 1.130472100038221461e-01
3.092884796286813898e-01 1.129726050522150832e-01
3.072094159859472540e-01 1.128937697410492130e-01
3.051304352787181373e-01 1.128106862562744256e-01
3.030515450839530445e-01 1.127233365699325668e-01
3.009727530612792967e-01 1.126317024357695040e-01
2.988940669543057593e-01 1.125357653847153805e-01
2.968154945919710963e-01 1.124355067202268826e-01
2.947370438899264977e-01 1.123309075134876905e-01
2.926587228519552664e-01 1.122219485984606996e-01
2.905805395714302630e-01 1.121086105667876281e-01
2.885025022328100430e-01 1.119908737625291001e-01
2.864246191131766262e-01 1.118687182767401228e-01
2.843468985838140672e-01 1.117421239418741746e-01
2.822693491118322684e-01 1.116110703260091291e-01
2.801919792618348115e-01 1.114755367268889241e-01
2.781147976976347524e-01 1.113355021657729815e-01
2.760378131840191540e-01 1.111909453810861481e-01
2.739610345885638565e-01 1.110418448218613158e-01
2.718844708835018720e-01 1.108881786409666032e-01
2.698081311476456801e-01 1.107299246881080085e-01
2.677320245683671440e-01 1.105670605025990128e-01
2.656561604436360469e-01 1.103995633058873077e-01
2.635805481841208553e-01 1.102274099938288093e-01
2.615051973153524334e-01 1.100505771286983681e-01
2.594301174799558130e-01 1.098690409309269478e-01
2.573553184399497429e-01 1.096827772705524923e-01
2.552808100791196244e-01 1.094917616583738346e-01
2.532066024054646092e-01 1.092959692367938690e-01
2.511327055537238562e-01 1.090953747703395371e-01
2.490591297879834742e-01 1.088899526358440700e-01
2.469858855043692569e-01 1.086796768122773038e-01
2.449129832338273194e-01 1.084645208702078312e-01
2.428404336449977718e-01 1.082444579608818208e-01
2.407682475471844552e-01 1.080194608049004773e-01
2.386964358934254571e-01 1.077895016804786138e-01
2.366250097836686828e-01 1.075545524112651308e-01
2.345539804680572271e-01 1.073145843537057359e-01
2.324833593503293216e-01 1.070695683839261309e-01
2.304131579913383521e-01 1.068194748841144182e-01
2.283433881126978593e-01 1.065642737283781089e-01
2.262740616005577687e-01 1.063039342680521943e-01
2.242051905095179265e-01 1.060384253164309148e-01
2.221367870666847988e-01 1.057677151328964005e-01
2.200688636758788286e-01 1.054917714064145806e-01
2.180014329219990554e-01 1.052105612383675837e-01
2.159345075755529086e-01 1.049240511246896657e-01
2.138681005973590010e-01 1.046322069372724733e-01
2.118022251434312220e-01 1.043349939046021163e-01
2.097368945700534559e-01 1.040323765915903975e-01
2.076721224390542242e-01 1.037243188785574449e-01
2.056079225232912699e-01 1.034107839393234307e-01
2.035443088123567168e-01 1.030917342183616942e-01
2.014812955185141807e-01 1.027671314069648761e-01
1.994188970828799368e-01 1.024369364183708581e-01
1.973571281818606582e-01 1.021011093617933546e-01
1.952960037338613286e-01 1.017596095152975555e-01
1.932355389062781204e-01 1.014123952974573112e-01
1.911757491227906725e-01 1.010594242377275548e-01
1.891166500709713372e-01 1.007006529454589211e-01
1.870582577102274935e-01 1.003360370774794286e-01
1.850005882800963841e-01 9.996553130416040156e-02
1.829436583089118218e-01 9.958908927388031296e-02
1.808874846228638866e-01 9.920666357579277506e-02
1.788320843554744299e-01 9.881820570079979937e-02
1.767774749575120596e-01 9.842366600062256443e-02
1.747236742073725035e-01 9.802299364485650424e-02
1.726707002219523002e-01 9.761613657588810722e-02
1.706185714680447385e-01 9.720304146154172542e-02
1.685673067742902986e-01 9.678365364531611725e-02
1.665169253437151498e-01 9.635791709405885919e-02
1.644674467668943707e-01 9.592577434291664484e-02
1.624188910357791393e-01 9.548716643738573706e-02
1.603712785582299960e-01 9.504203287227434849e-02
1.583246301733016448e-01 9.459031152737457093e-02
1.562789671673276981e-01 9.413193859962336318e-02
1.542343112908592662e-01 9.366684853151757695e-02
1.521906847765127635e-01 9.319497393552664266e-02
1.501481103577897158e-01 9.271624551422660843e-02
1.481066112889341813e-01 9.223059197585657676e-02
1.460662113659001171e-01 9.173793994497315973e-02
1.440269349485066575e-01 9.123821386785094245e-02
1.419888069838656786e-01 9.073133591224746830e-02
1.399518530311734399e-01 9.021722586111702302e-02
1.379160992879662484e-01 8.969580099982198129e-02
1.358815726179484484e-01 8.916697599634879068e-02
1.338483005805110870e-01 8.863066277399227200e-02
1.318163114620705401e-01 8.808677037592153869e-02
1.297856343093669318e-01 8.753520482098713085e-02
1.277562989648778347e-01 8.697586895006723107e-02
1.257283361045140879e-01 8.640866226218443802e-02
1.237017772777838504e-01 8.583348073954884250e-02
1.216766549506267531e-01 8.525021666060032810e-02
1.196530025511414325e-01 8.465875840002928809e-02
1.176308545184514831e-01 8.405899021465118581e-02
1.156102463549804893e-01 8.345079201389349333e-02
1.135912146824342162e-01 8.283403911352298088e-02
1.115737973018204182e-01 8.220860197109416956e-02
1.095580332578714594e-01 8.157434590143478048e-02
1.075439629082754339e-01 8.093113077029671920e-02
1.055316279981662747e-01 8.027881066409153776e-02
1.035210717403744762e-01 7.961723353338924503e-02
1.015123389019980393e-01 7.894624080758973206e-02
9.950547589791845782e-02 7.826566697786786764e-02
9.750053089196199230e-02 7.757533914514196105e-02
9.549755390649146414e-02 7.687507652941498459e-02
9.349659694131115528e-02 7.616468993637909302e-02
9.149771410287978191e-02 7.544398117664671832e-02
8.950096174495503210e-02 7.471274243236536439e-02
8.750639862194127538e-02 7.397075556527382689e-02
8.551408605638363691e-02 7.321779135944760097e-02
8.352408812225026180e-02 7.245360869104197632e-02
8.153647184587611840e-02 7.167795361624693107e-02
7.955130742671036315e-02 7.089055836739162342e-02
7.756866848032574480e-02 7.009114024563867229e-02
7.558863230651838294e-02 6.927940039695044960e-02
7.361128018576298948e-02 6.845502245593347579e-02
7.163669770780491108e-02 6.761767103970912907e-02
6.966497513678426845e-02 6.676699007103775729e-02
6.769620781801775899e-02 6.590260090643429436e-02
6.573049663244033558e-02 6.502410024083211948e-02
6.376794850576228413e-02 6.413105775531711961e-02
6.180867698067028793e-02 6.322301346835808300e-02
5.985280286194804428e-02 6.229947474355198439e-02
5.790045494628112688e-02 6.135991289784275410e-02
5.595177085082932156e-02 6.040375934303691963e-02
5.400689795751478089e-02 5.943040117967098024e-02
5.206599449353456477e-02 5.843917614515382192e-02
5.012923077305945357e-02 5.742936679665122668e-02
4.819679063069292474e-02 5.640019378211910683e-02
4.626887308438495244e-02 5.535080801850700283e-02
4.434569427460797325e-02 5.428028155211243877e-02
4.242748973835779036e-02 5.318759681917856197e-02
4.051451709185059646e-02 5.207163395066985445e-02
3.860705921591547213e-02 5.093115566754218698e-02
3.670542806482826603e-02 4.976478918296021320e-02
3.480996925528186126e-02 4.857100435317474735e-02
3.292106764110387662e-02 4.734808708073112715e-02
3.103915414679579363e-02 4.609410664501473187e-02
2.916471422738005359e-02 4.480687517465399561e-02
2.729829845631403726e-02 4.348389682066196305e-02
2.544053593759984869e-02 4.212230323902060175e-02
2.359215152515705544e-02 4.071877058711197844e-02
2.175398826546763240e-02 3.926941111710897242e-02
1.992703714892163011e-02 3.776962916570251322e-02
1.811247731934836555e-02 3.621392611393765837e-02
1.631173163659700026e-02 3.459563030939187545e-02
1.452654545538260497e-02 3.290651333135957701e-02
1.275910174857134392e-02 3.113622803283928181e-02
1.101219551569585127e-02 2.927145537734564956e-02
9.289509823835183713e-03 2.729455122317318849e-02
7.596077095858380819e-03 2.518128010365991432e-02
5.939105387098501769e-03 2.289674704889389095e-02
4.329601474817949477e-03 2.038738866050793241e-02
2.786000188833151221e-03 1.756302433334219412e-02
1.344063567685206944e-03 1.424778605390389190e-02
9.563118830857250414e-05 9.987548450882519427e-03
0.000000000000000000e+00 0.000000000000000000e+00
0.000000000000000000e+00 0.000000000000000000e+00
3.911550717348875363e-03 -9.188119675916190873e-03
6.670300243629689874e-03 -1.265294371630155089e-02
9.235545528139193355e-03 -1.517678364543415849e-02
1.169912614781184503e-02 -1.721376483462451826e-02
1.409680414118874223e-02 -1.893975529736541957e-02
1.644701433808630833e-02 -2.044493563881670528e-02
1.876076351576695667e-02 -2.178286925734555443e-02
2.104525972956373600e-02 -2.298845112286391351e-02
2.330553540234569024e-02 -2.408591670203375987e-02
2.554527360119188129e-02 -2.509291013656058181e-02
2.776726932563493289e-02 -2.602275046292973348e-02
2.997370554854101449e-02 -2.688578482814268228e-02
3.216632762462520029e-02 -2.769024165290502951e-02
3.434655841373664836e-02 -2.844279258963929025e-02
3.651557705970467915e-02 -2.914893625730041737e-02
3.867437455291932585e-02 -2.981326831919748482e-02
4.082379393986259458e-02 -3.043967652315760636e-02
4.296456007445401126e-02 -3.103148471179871873e-02
4.509730206069572506e-02 -3.159156122913884396e-02
4.722257047204509589e-02 -3.212240192416495471e-02
4.934085076352455468e-02 -3.262619466824860648e-02
5.145257385963560026e-02 -3.310487018200441306e-02
5.355812461420585147e-02 -3.356014256288705755e-02
5.565784864392816361e-02 -3.399354195464571182e-02
5.775205790307842008e-02 -3.440644114411572918e-02
5.984103527248568755e-02 -3.480007741034122498e-02
6.192503836836616565e-02 -3.517557062235773108e-02
6.400430272771563678e-02 -3.553393834392207934e-02
6.607904449100655830e-02 -3.587610852873678036e-02
6.814946267618889053e-02 -3.620293025985226593e-02
7.021574111786611783e-02 -3.651518288931264455e-02
7.227805013020903446e-02 -3.681358385995211341e-02
7.433654794041467950e-02 -3.709879543436180038e-02
7.639138193040521940e-02 -3.737143051200519234e-02
7.844268971734041918e-02 -3.763205768107576177e-02
8.049060009790585946e-02 -3.788120562462961999e-02
8.253523387688525836e-02 -3.811936697906974369e-02
8.457670459696528531e-02 -3.834700172592733769e-02
8.661511918385622621e-02 -3.856454018411657053e-02
8.865057851849303394e-02 -3.877238565870401443e-02
9.068317794619240590e-02 -3.897091679317474938e-02
9.271300773109443505e-02 -3.916048966476844140e-02
9.474015346294453743e-02 -3.934143965636369145e-02
9.676469642221736944e-02 -3.951408313335398603e-02
9.878671390870906455e-02 -3.967871894977695324e-02
1.008062795379923715e-01 -3.983562980446998109e-02
1.028234635095164606e-01 -3.998508346510391831e-02
1.048383328496162309e-01 -4.012733387548877290e-02
1.068509516322599384e-01 -4.026262215946924822e-02
1.088613811799926390e-01 -4.039117753296984220e-02
1.108696802472187160e-01 -4.051321813425179386e-02
1.128759051876958575e-01 -4.062895178116756462e-02
1.148801101078827935e-01 -4.073857666310475023e-02
1.168823470075837784e-01 -4.084228197437120289e-02
1.188826659091616195e-01 -4.094024849496390173e-02
1.208811149764426329e-01 -4.103264912396457215e-02
1.228777406243082848e-01 -4.111964937019835231e-02
1.248725876198565898e-01 -4.120140780426533034e-02
1.268656991759180008e-01 -4.127807647559551124e-02
1.288571170376265063e-01 -4.134980129777734992e-02
1.308468815626701309e-01 -4.141672240505891306e-02
1.328350317957812943e-01 -4.147897448261249342e-02
1.348216055379677647e-01 -4.153668707288358380e-02
1.368066394109352657e-01 -4.158998486010537232e-02
1.387901689171073816e-01 -4.163898793485045630e-02
1.407722284956077485e-01 -4.168381204030330994e-02
1.427528515745349613e-01 -4.172456880177356081e-02
1.447320706198286788e-01 -4.176136594082134612e-02
1.467099171809970182e-01 -4.179430747523653344e-02
1.486864219339508741e-01 -4.182349390599655881e-02
1.506616147211677359e-01 -4.184902239222323961e-02
1.526355245893878387e-01 -4.187098691506603576e-02
1.546081798250274753e-01 -4.188947843135576443e-02
1.565796079874777202e-01 -4.190458501779770889e-02
1.585498359404429458e-01 -4.191639200640535912e-02
1.605188898814594312e-01 -4.192498211181636819e-02
1.624867953697234357e-01 -4.193043555107642262e-02
1.644535773523468081e-01 -4.193283015642800676e-02
1.664192601891487377e-01 -4.193224148159652165e-02
1.683838676760831266e-01 -4.192874290202534826e-02
1.703474230673940881e-01 -4.192240570947540490e-02
1.723099490965830927e-01 -4.191329920137061571e-02
1.742714679962666102e-01 -4.190149076524156413e-02
1.762320015169956400e-01 -4.188704595859143315e-02
1.781915709451039886e-01 -4.187002858448318765e-02
1.801501971196461660e-01 -4.185050076312483297e-02
1.821079004484828512e-01 -4.182852299970804544e-02
1.840647009235651665e-01 -4.180415424873665936e-02
1.860206181354681909e-01 -4.177745197506392560e-02
1.879756712872180657e-01 -4.174847221184228852e-02
1.899298792074553266e-01 -4.171726961557299662e-02
1.918832603629732070e-01 -4.168389751843164931e-02
1.938358328706683009e-01 -4.164840797803182754e-02
1.957876145089362807e-01 -4.161085182477805566e-02
1.977386227285458098e-01 -4.157127870694914823e-02
1.996888746630186562e-01 -4.152973713364312841e-02
2.016383871385449833e-01 -4.148627451570636310e-02
2.035871766834585761e-01 -4.144093720476039328e-02
2.055352595372967328e-01 -4.139377053043385990e-02
2.074826516594667214e-01 -4.134481883589876533e-02
2.094293687375409496e-01 -4.129412551180449559e-02
2.113754261951990843e-01 -4.124173302869609675e-02
2.133208391998372699e-01 -4.118768296799971140e-02
2.152656226698604902e-01 -4.113201605165017066e-02
2.172097912816753906e-01 -4.107477217043372514e-02
2.191533594763982740e-01 -4.101599041111252120e-02
2.210963414662927840e-01 -4.095570908239391794e-02
2.230387512409510165e-01 -4.089396573980457611e-02
2.249806025732306591e-01 -4.083079720952434433e-02
2.269219090249603166e-01 -4.076623961123301831e-02
2.288626839524238454e-01 -4.070032838001888531e-02
2.308029405116351629e-01 -4.063309828739575941e-02
2.327426916634128540e-01 -4.056458346147207711e-02
2.346819501782643480e-01 -4.049481740631349219e-02
2.366207286410886568e-01 -4.042383302053793870e-02
2.385590394557062510e-01 -4.035166261517948022e-02
2.404968948492236247e-01 -4.027833793085595221e-02
2.424343068762405684e-01 -4.020389015427314888e-02
2.443712874229070631e-01 -4.012834993409605810e-02
2.463078482108366218e-01 -4.005174739621718272e-02
2.482440008008826027e-01 -3.997411215844842020e-02
2.501797565967832648e-01 -3.989547334466405498e-02
2.521151268486817032e-01 -3.981585959841840022e-02
2.540501226565258230e-01 -3.973529909606253463e-02
2.559847549733537675e-01 -3.965381955938165198e-02
2.579190346084692664e-01 -3.957144826777456159e-02
2.598529722305124579e-01 -3.948821206999508088e-02
2.617865783704295679e-01 -3.940413739547458938e-02
2.637198634243462791e-01 -3.931925026524332040e-02
2.656528376563486726e-01 -3.923357630246799427e-02
2.675855112011760184e-01 -3.914714074262168331e-02
2.695178940668274126e-01 -3.905996844330145851e-02
2.714499961370882564e-01 -3.897208389370854231e-02
2.733818271739772987e-01 -3.888351122380494240e-02
2.753133968201195159e-01 -3.879427421315975733e-02
2.772447146010458829e-01 -3.870439629949806726e-02
2.791757899274248111e-01 -3.861390058696398397e-02
2.811066320972260835e-01 -3.852280985410981573e-02
2.830372502978215077e-01 -3.843114656162210235e-02
2.849676536080236744e-01 -3.833893285979482479e-02
2.868978510000654292e-01 -3.824619059575985747e-02
2.888278513415228343e-01 -3.815294132048431541e-02
2.907576633971828417e-01 -3.805920629554336576e-02
2.926872958308584516e-01 -3.796500649967755880e-02
2.946167572071533569e-01 -3.787036263514299145e-02
2.965460559931774043e-01 -3.777529513386173460e-02
2.984752005602146485e-01 -3.767982416338040014e-02
3.004041991853470539e-01 -3.758396963264389740e-02
3.023330600530332868e-01 -3.748775119759162333e-02
3.042617912566461524e-01 -3.739118826658189426e-02
3.061904007999689536e-01 -3.729430000565175929e-02
3.081188965986528250e-01 -3.719710534361760079e-02
3.100472864816365415e-01 -3.709962297702266293e-02
3.119755781925289684e-01 -3.700187137493685108e-02
3.139037793909572605e-01 -3.690386878361429784e-02
3.158318976538805889e-01 -3.680563323101314344e-02
3.177599404768708946e-01 -3.670718253118350483e-02
3.196879152753622777e-01 -3.660853428852686026e-02
3.216158293858698003e-01 -3.650970590193303167e-02
3.235436900671781468e-01 -3.641071456879691609e-02
3.254715045015022512e-01 -3.631157728892145387e-02
3.273992797956200018e-01 -3.621231086830876272e-02
3.293270229819784678e-01 -3.611293192284414921e-02
3.312547410197739239e-01 -3.601345688187697347e-02
3.331824407960070622e-01 -3.591390199170080288e-02
3.351101291265142779e-01 -3.581428331893711514e-02
3.370378127569748639e-01 -3.571461675382540946e-02
3.389654983638965002e-01 -3.561491801342298730e-02
3.408931925555778730e-01 -3.551520264471690752e-02
3.428209018730509205e-01 -3.541548602765151599e-02
3.447486327910017634e-01 -3.531578337807452644e-02
3.466763917186722610e-01 -3.521610975060295023e-02
3.486041850007423615e-01 -3.511648004141323248e-02
3.505320189181931889e-01 -3.501690899095678128e-02
3.524598996891526448e-01 -3.491741118660355442e-02
3.543878334697229682e-01 -3.481800106521632659e-02
3.563158263547919202e-01 -3.471869291565730931e-02
3.582438843788267602e-01 -3.461950088122957986e-02
3.601720135166527337e-01 -3.452043896205542195e-02
3.621002196842160181e-01 -3.442152101739285458e-02
3.640285087393311803e-01 -3.432276076789336078e-02
3.659568864824148671e-01 -3.422417179780162799e-02
3.678853586572045087e-01 -3.412576755709949283e-02
3.698139309514637540e-01 -3.402756136359588734e-02
3.717426089976745285e-01 -3.392956640496398724e-02
3.736713983737159905e-01 -3.383179574072781026e-02
3.756003046035309434e-01 -3.373426230419893784e-02
3.775293331577805334e-01 -3.363697890436553872e-02
3.794584894544860698e-01 -3.353995822773495061e-02
3.813877788596604645e-01 -3.344321284013074963e-02
3.833172066879275697e-01 -3.334675518844611858e-02
3.852467782031313015e-01 -3.325059760235489492e-02
3.871764986189339952e-01 -3.315475229598077722e-02
3.891063730994043235e-01 -3.305923136952668151e-02
3.910364067595952786e-01 -3.296404681086516353e-02
3.929666046661126622e-01 -3.286921049709068399e-02
3.948969718376741933e-01 -3.277473419603513238e-02
3.968275132456590137e-01 -3.268062956774778205e-02
3.987582338146487548e-01 -3.258690816594018297e-02
4.007052785014524332e-01 -3.249349688449024165e-02
4.026766483205341252e-01 -3.239962486090651461e-02
4.046481041015392854e-01 -3.230511287051565650e-02
4.066196478750371268e-01 -3.220997181487943173e-02
4.085912816523880053e-01 -3.211421248813411261e-02
4.105630074259793982e-01 -3.201784557833609046e-02
4.125348271694583846e-01 -3.192088166877801725e-02
4.145067428379604624e-01 -3.182333123927569979e-02
4.164787563683353677e-01 -3.172520466742737716e-02
4.184508696793696192e-01 -3.162651222984516619e-02
4.204230846720058423e-01 -3.152726410336037510e-02
4.223954032295585415e-01 -3.142747036620240769e-02
4.243678272179279287e-01 -3.132714099915272221e-02
4.263403584858095341e-01 -3.122628588667412594e-02
4.283129988649020392e-01 -3.112491481801606119e-02
4.302857501701116694e-01 -3.102303748829655927e-02
4.322586141997541431e-01 -3.092066349956142449e-02
4.342315927357537908e-01 -3.081780236182156407e-02
4.362046875438400639e-01 -3.071446349406813103e-02
4.381779003737420464e-01 -3.061065622526706886e-02
4.401512329593795791e-01 -3.050638979533316919e-02
4.421246870190527756e-01 -3.040167335608371865e-02
4.440982642556285387e-01 -3.029651597217310199e-02
4.460719663567254689e-01 -3.019092662200813237e-02
4.480457949948960517e-01 -3.008491419864472299e-02
4.500197518278065134e-01 -2.997848751066687842e-02
4.519938384984151236e-01 -2.987165528304763784e-02
4.539680566351479984e-01 -2.976442615799291397e-02
4.559424078520727397e-01 -2.965680869576875836e-02
4.579168937490706304e-01 -2.954881137551190057e-02
4.598915159120060547e-01 -2.944044259602439720e-02
4.618662759128949191e-01 -2.933171067655294950e-02
4.638411753100704638e-01 -2.922262385755255987e-02
4.658162156483477978e-01 -2.911319030143560277e-02
4.677913984591861585e-01 -2.900341809330634138e-02
4.697667252608501709e-01 -2.889331524168106333e-02
4.717421975585683325e-01 -2.878288967919471336e-02
4.737178168446907756e-01 -2.867214926329361702e-02
4.756935845988450873e-01 -2.856110177691554078e-02
4.776695022880904085e-01 -2.844975492915608264e-02
4.796455713670700893e-01 -2.833811635592345737e-02
4.816217932781629574e-01 -2.822619362057987580e-02
4.835981694516325313e-01 -2.811399421457187742e-02
4.855747013057759021e-01 -2.800152555804820767e-02
4.875513902470698380e-01 -2.788879500046686361e-02
4.895282376703167238e-01 -2.777580982119013525e-02
4.915052449587880012e-01 -2.766257723006948846e-02
4.934824134843670551e-01 -2.754910436801912693e-02
4.954597446076908773e-01 -2.743539830757936449e-02
4.974372396782896777e-01 -2.732146605346968959e-02
4.994149000347261058e-01 -2.720731454313188649e-02
5.013927270047323637e-01 -2.709295064726321978e-02
5.033707219053471515e-01 -2.697838117034019600e-02
5.053488860430507268e-01 -2.686361285113276001e-02
5.073272207138984635e-01 -2.674865236320953313e-02
5.093057272036547456e-01 -2.663350631543414879e-02
5.112844067879237508e-01 -2.651818125245246696e-02
5.132632607322812346e-01 -2.640268365517151050e-02
5.152422902924032044e-01 -2.628701994123015459e-02
5.172214967141953723e-01 -2.617119646546092748e-02
5.192008812339204971e-01 -2.605521952034484459e-02
5.211804450783249498e-01 -2.593909533645719773e-02
5.231601894647642803e-01 -2.582283008290684259e-02
5.251401156013281168e-01 -2.570642986776677449e-02
5.271202246869641783e-01 -2.558990073849818150e-02
5.291005179116003987e-01 -2.547324868236724993e-02
5.310809964562671626e-01 -2.535647962685425721e-02
5.330616614932186526e-01 -2.523959944005640943e-02
5.350425141860527534e-01 -2.512261393108354557e-02
5.370235556898304008e-01 -2.500552885044756909e-02
5.390047871511940425e-01 -2.488834989044472201e-02
5.409862097084849886e-01 -2.477108268553237722e-02
5.429678244918613172e-01 -2.465373281269898562e-02
5.449496326234125609e-01 -2.453630579182790664e-02
5.469316352172757245e-01 -2.441880708605576045e-02
5.489138333797500824e-01 -2.430124210212437907e-02
5.508962282094104213e-01 -2.418361619072738680e-02
5.528788207972202828e-01 -2.406593464685097272e-02
5.548616122266443185e-01 -2.394820271010932033e-02
5.568446035737598665e-01 -2.383042556507435072e-02
5.588277959073680856e-01 -2.371260834160057382e-02
5.608111902891039779e-01 -2.359475611514435384e-02
5.627947877735459681e-01 -2.347687390707855690e-02
5.647785894083250380e-01 -2.335896668500166834e-02
5.667625962342330848e-01 -2.324103936304254547e-02
5.687468092853299462e-01 -2.312309680216009106e-02
5.707312295890514253e-01 -2.300514381043829507e-02
5.727158581663147618e-01 -2.288718514337674537e-02
5.747006960316249913e-01 -2.276922550417643729e-02
5.766857441931805273e-01 -2.265126954402162454e-02
5.786710036529767454e-01 -2.253332186235666376e-02
5.806564754069112322e-01 -2.241538700715922997e-02
5.826421604448864811e-01 -2.229746947520895584e-02
5.846280597509134758e-01 -2.217957371235226502e-02
5.866141743032138312e-01 -2.206170411376288248e-02
5.886005050743216005e-01 -2.194386502419876789e-02
5.905870530311849720e-01 -2.182606073825493417e-02
5.925738191352670770e-01 -2.170829550061251917e-02
5.945608043426464651e-01 -2.159057350628437733e-02
5.965480096041166913e-01 -2.147289890085654282e-02
5.985354358652856810e-01 -2.135527578072664301e-02
6.005230840666754277e-01 -2.123770819333855100e-02
6.025109551438196931e-01 -2.112020013741365901e-02
6.044990500273619283e-01 -2.100275556317857117e-02
6.064873696431534178e-01 -2.088537837258979540e-02
6.084759149123500910e-01 -2.076807241955498998e-02
6.104646867515088893e-01 -2.065084151015117442e-02
6.124536860726845777e-01 -2.053368940283947092e-02
6.144429137835248911e-01 -2.041661980867733386e-02
6.164323707873665681e-01 -2.029963639152708096e-02
6.184220579833294984e-01 -2.018274276826198185e-02
6.204119762664123128e-01 -2.006594250896940809e-02
6.224021265275856418e-01 -1.994923913715059005e-02
6.243925096538863739e-01 -1.983263612991841701e-02
6.263831265285106920e-01 -1.971613691819161865e-02
6.283739780309076650e-01 -1.959974488688692729e-02
6.303650650368708419e-01 -1.948346337510822868e-02
6.323563884186319539e-01 -1.936729567633310028e-02
6.343479490449511760e-01 -1.925124503859710831e-02
6.363397477812099412e-01 -1.913531466467494058e-02
6.383317854895017573e-01 -1.901950771225992265e-02
6.403240630287224677e-01 -1.890382729414040106e-02
6.423165812546616227e-01 -1.878827647837410034e-02
6.443093410200919635e-01 -1.867285828846003068e-02
6.463023431748595726e-01 -1.855757570350815081e-02
6.482955885659734685e-01 -1.844243165840664389e-02
6.502890780376940905e-01 -1.832742904398707365e-02
6.522828124316233378e-01 -1.821257070718763568e-02
6.542767925867918333e-01 -1.809785945121334533e-02
6.562710193397479630e-01 -1.798329803569551771e-02
6.582654935246458061e-01 -1.786888917684788941e-02
6.602602159733323983e-01 -1.775463554762128984e-02
6.622551875154349954e-01 -1.764053977785654675e-02
6.642504089784484478e-01 -1.752660445443488327e-02
6.662458811878223530e-01 -1.741283212142671899e-02
6.682416049670462099e-01 -1.729922528023844150e-02
6.702375811377371262e-01 -1.718578638975750902e-02
6.722338105197244174e-01 -1.707251786649551656e-02
6.742302939311363152e-01 -1.695942208472943011e-02
6.762270321884847890e-01 -1.684650137664124234e-02
6.782240261067506992e-01 -1.673375803245588309e-02
6.802212764994688410e-01 -1.662119430057724945e-02
6.822187841788122098e-01 -1.650881238772256357e-02
6.842165499556768227e-01 -1.639661445905514839e-02
6.862145746397652069e-01 -1.628460263831583640e-02
6.882128590396711099e-01 -1.617277900795224474e-02
6.902114039629618780e-01 -1.606114560924689835e-02
6.922102102162632775e-01 -1.594970444244369484e-02
6.942092786053413178e-01 -1.583845746687259290e-02
6.962086099351856294e-01 -1.572740660107344382e-02
6.982082050100927306e-01 -1.561655372291758867e-02
7.002080646337472958e-01 -1.550590066972853086e-02
7.022081896093054221e-01 -1.539544923840116195e-02
7.042085807394757868e-01 -1.528520118551910875e-02
7.062092388266020260e-01 -1.517515822747147330e-02
7.082101646727437805e-01 -1.506532204056743214e-02
7.102113590797586307e-01 -1.495569426115017989e-02
7.122128228493824764e-01 -1.484627648570914678e-02
7.142145567833110276e-01 -1.473707027099098281e-02
7.162165616832802950e-01 -1.462807713410949929e-02
7.182188383511470819e-01 -1.451929855265398327e-02
7.202213875889690309e-01 -1.441073596479694116e-02
7.222242101990854479e-01 -1.430239076939964805e-02
7.242273069841963506e-01 -1.419426432611761539e-02
7.262306787474426262e-01 -1.408635795550388335e-02
7.282343262924855232e-01 -1.397867293911207211e-02
7.302382504235858107e-01 -1.387121051959761854e-02
7.322424519456832703e-01 -1.376397190081824450e-02
7.342469316644749666e-01 -1.365695824793322459e-02
7.362516903864946283e-01 -1.355017068750152126e-02
7.382567289191910298e-01 -1.344361030757914438e-02
7.402620480710062623e-01 -1.333727815781515953e-02
7.422676486514542260e-01 -1.323117524954666932e-02
7.442735314711982353e-01 -1.312530255589320141e-02
7.462796973421294000e-01 -1.301966101184947981e-02
7.482861470774440082e-01 -1.291425151437774511e-02
7.502928814917212419e-01 -1.280907492249887432e-02
7.522999014009998930e-01 -1.270413205738258992e-02
7.543072076228567457e-01 -1.259942370243678778e-02
7.563148009764822932e-01 -1.249495060339582235e-02
7.583226822827588975e-01 -1.239071346840816927e-02
7.603308523643362848e-01 -1.228671296812256473e-02
7.623393120457087058e-01 -1.218294973577445720e-02
7.643480621532914299e-01 -1.207942436727007900e-02
7.663571035154964628e-01 -1.197613742127107833e-02
7.683664369628092627e-01 -1.187308941927723259e-02
7.703760633278639025e-01 -1.177028084570922589e-02
7.723859834455195639e-01 -1.166771214798976650e-02
7.743961981529353666e-01 -1.156538373662475624e-02
7.764067082896467520e-01 -1.146329598528296814e-02
7.784175146976399784e-01 -1.136144923087536313e-02
7.804286182214276169e-01 -1.125984377363371640e-02
7.824400197081236019e-01 -1.115847987718795835e-02
7.844517200075179497e-01 -1.105735776864339229e-02
7.864637199721518090e-01 -1.095647763865697545e-02
7.884760204573916242e-01 -1.085583964151264763e-02
7.904886223215038532e-01 -1.075544389519650368e-02
7.925015264257290193e-01 -1.065529048147046375e-02
7.945147336343563182e-01 -1.055537944594621413e-02
7.965282448147971150e-01 -1.045571079815777772e-02
7.985420608376595508e-01 -1.035628451163369233e-02
8.005561825768211515e-01 -1.025710052396851257e-02
8.025706109095036567e-01 -1.015815873689342522e-02
8.045853467163462946e-01 -1.005945901634710746e-02
8.066003908814780576e-01 -9.961001192544616245e-03
8.086157442925924199e-01 -9.862785060046898658e-03
8.106314078410195023e-01 -9.764810377828839899e-03
8.126473824217994579e-01 -9.667076869347403234e-03
8.146636689337548587e-01 -9.569584222608507051e-03
8.166802682795639701e-01 -9.472332090233985188e-03
8.186971813658332486e-01 -9.375320089527584486e-03
8.207144091031693955e-01 -9.278547802540273656e-03
8.227319524062521872e-01 -9.182014776135541748e-03
8.247498121939063065e-01 -9.085720522053799750e-03
8.267679893891738407e-01 -8.989664516976034539e-03
8.287864849193860017e-01 -8.893846202587532210e-03
8.308052997162349573e-01 -8.798264985640574451e-03
8.328244347158458849e-01 -8.702920238016857366e-03
8.348438908588483587e-01 -8.607811296789211197e-03
8.368636690904474040e-01 -8.512937464283451897e-03
8.388837703604962170e-01 -8.418298008138629801e-03
8.409041956235658866e-01 -8.323892161367904552e-03
8.429249458390177807e-01 -8.229719122418377442e-03
8.449460219710737130e-01 -8.135778055230500488e-03
8.469674249888874407e-01 -8.042068089297284283e-03
8.489891558666154969e-01 -7.948588319722582965e-03
8.510112155834872461e-01 -7.855337807279602971e-03
8.530336051238763817e-01 -7.762315578468271214e-03
8.550563254773706490e-01 -7.669520625572764580e-03
8.570793776388426766e-01 -7.576951906718080998e-03
8.591027626085203650e-01 -7.484608345926986074e-03
8.611264813920566086e-01 -7.392488833175386333e-03
8.631505350005993504e-01 -7.300592224448334763e-03
8.651749244508620817e-01 -7.208917341795274825e-03
8.671996507651931196e-01 -7.117462973384683367e-03
8.692247149716456622e-01 -7.026227873558867944e-03
8.712501181040471776e-01 -6.935210762887433593e-03
8.732758612020693478e-01 -6.844410328221482535e-03
8.753019453112967918e-01 -6.753825222746824217e-03
8.773283714832970093e-01 -6.663454066036878301e-03
8.793551407756895477e-01 -6.573295444105324396e-03
8.813822542522145032e-01 -6.483347909458164575e-03
8.834097129828023531e-01 -6.393609981145951561e-03
8.854375180436421244e-01 -6.304080144815087106e-03
8.874656705172508930e-01 -6.214756852759065718e-03
8.894941714925419518e-01 -6.125638523969622988e-03
8.915230220648936443e-01 -6.036723544186974912e-03
8.935522233362176436e-01 -5.948010265950236762e-03
8.955817764150278970e-01 -5.859497008647255624e-03
8.976116824165082386e-01 -5.771182058564411702e-03
8.996419424625812233e-01 -5.683063668935455989e-03
9.016725576819757393e-01 -5.595140059991262141e-03
9.037035292102951756e-01 -5.507409419007890453e-03
9.057348581900857010e-01 -5.419869900355131498e-03
9.077665457709034325e-01 -5.332519625544822513e-03
9.097985931093828249e-01 -5.245356683278520199e-03
9.118310013693037286e-01 -5.158379129495036484e-03
9.138637717216593348e-01 -5.071584987417946527e-03
9.158969053447233444e-01 -4.984972247602254512e-03
9.179304034241173582e-01 -4.898538867981238124e-03
9.199642671528784899e-01 -4.812282773913070973e-03
9.219984977315257568e-01 -4.726201858226896854e-03
9.240330963681281373e-01 -4.640293981268792979e-03
9.260680642783705174e-01 -4.554556970947434835e-03
9.281034026856213037e-01 -4.468988622779583239e-03
9.301391128209989256e-01 -4.383586699935348475e-03
9.321751959234386709e-01 -4.298348933282990399e-03
9.342116532397589657e-01 -4.213273021433829556e-03
9.362484860247283214e-01 -4.128356630786550290e-03
9.382856955411310595e-01 -4.043597395571731958e-03
9.403232830598347025e-01 -3.958992917895399165e-03
9.423612498598553655e-01 -3.874540767783330938e-03
9.443995972284238150e-01 -3.790238483224353788e-03
9.464383264610526370e-01 -3.706083570213816476e-03
9.484774388616004082e-01 -3.622073502796686190e-03
9.505169357423395304e-01 -3.538205723110490752e-03
9.525568184240205127e-01 -3.454477641428130730e-03
9.545970882359383625e-01 -3.370886636200293423e-03
9.566377465159981996e-01 -3.287430054097895907e-03
9.586787946107802050e-01 -3.204105210054041929e-03
9.607202338756062332e-01 -3.120909387306144891e-03
9.627620656746038730e-01 -3.037839837437605883e-03
9.648042913807721721e-01 -2.954893780419180771e-03
9.668469123760471406e-01 -2.872068404650806109e-03
9.688899300513668100e-01 -2.789360867002113175e-03
9.709333458067352929e-01 -2.706768292854038350e-03
9.729771610512890634e-01 -2.624287776139362302e-03
9.750213772033606840e-01 -2.541916379383225757e-03
9.770659956905444199e-01 -2.459651133743976162e-03
9.791110179497599653e-01 -2.377489039052996505e-03
9.811564454273178360e-01 -2.295427063855463076e-03
9.832022795789830960e-01 -2.213462145449535904e-03
9.852485218700406389e-01 -2.131591189926787359e-03
9.872951737753585810e-01 -2.049811072211558689e-03
9.893422367794533212e-01 -1.968118636100605386e-03
9.913897123765527120e-01 -1.886510694302244700e-03
9.934376020706611188e-01 -1.804984028475620879e-03
9.954859073756229249e-01 -1.723535389269775482e-03
9.975346298151861468e-01 -1.642161496362590407e-03
9.995837709230669388e-01 -1.560859038499264268e-03
