1.000000000000000000e+00 8.399999999999963485e-04
9.898989898989899450e-01 1.778980422741787207e-03
9.797979797979798899e-01 2.706389141770348949e-03
9.696969696969697239e-01 3.622464272697820641e-03
9.595959595959596689e-01 4.527432542219931785e-03
9.494949494949496138e-01 5.421509242115965001e-03
9.393939393939394478e-01 6.304898181040381223e-03
9.292929292929293927e-01 7.177791633975268322e-03
9.191919191919192267e-01 8.040370289203586235e-03
9.090909090909091717e-01 8.892803192652577390e-03
8.989898989898991166e-01 9.735247689446514460e-03
8.888888888888889506e-01 1.056784936249556550e-02
8.787878787878788955e-01 1.139074196793517409e-02
8.686868686868687295e-01 1.220404736721617325e-02
8.585858585858586745e-01 1.300787545563073140e-02
8.484848484848485084e-01 1.380232408704280996e-02
8.383838383838384534e-01 1.458747899457417743e-02
8.282828282828283983e-01 1.536341370697641255e-02
8.181818181818182323e-01 1.613018946039960350e-02
8.080808080808081773e-01 1.688785510524312347e-02
7.979797979797980112e-01 1.763644700775007443e-02
7.878787878787879562e-01 1.837598894597785790e-02
7.777777777777777901e-01 1.910649199974719450e-02
7.676767676767677351e-01 1.982795443413766859e-02
7.575757575757576801e-01 2.054036157606172613e-02
7.474747474747475140e-01 2.124368568340724225e-02
7.373737373737374590e-01 2.193788580619450077e-02
7.272727272727272929e-01 2.262290763914419356e-02
7.171717171717172379e-01 2.329868336499738707e-02
7.070707070707071829e-01 2.396513148786855868e-02
6.969696969696970168e-01 2.462215665584602600e-02
6.868686868686869618e-01 2.526964947197889513e-02
6.767676767676767957e-01 2.590748629270784795e-02
6.666666666666667407e-01 2.653552901270513770e-02
6.565656565656565746e-01 2.715362483498628271e-02
6.464646464646465196e-01 2.776160602504265315e-02
6.363636363636364646e-01 2.835928964761574161e-02
6.262626262626262985e-01 2.894647728459157771e-02
6.161616161616162435e-01 2.952295473233312179e-02
6.060606060606060774e-01 3.008849167658905754e-02
5.959595959595960224e-01 3.064284134291393388e-02
5.858585858585858563e-01 3.118574012030704209e-02
5.757575757575758013e-01 3.171690715551832296e-02
5.656565656565657463e-01 3.223604391517854995e-02
5.555555555555555802e-01 3.274283371257774578e-02
5.454545454545455252e-01 3.323694119554047866e-02
5.353535353535353591e-01 3.371801179141555721e-02
5.252525252525253041e-01 3.418567110470777798e-02
5.151515151515152491e-01 3.463952426231687448e-02
5.050505050505050830e-01 3.507915520070402360e-02
4.949494949494949725e-01 3.550412588856365070e-02
4.848484848484848619e-01 3.591397547772218896e-02
4.747474747474748069e-01 3.630821937399369981e-02
4.646464646464646964e-01 3.668634821857211237e-02
4.545454545454545858e-01 3.704782676920135437e-02
4.444444444444444753e-01 3.739209266880048899e-02
4.343434343434343647e-01 3.771855508738976986e-02
4.242424242424242542e-01 3.802659322101053369e-02
4.141414141414141992e-01 3.831555462879127072e-02
4.040404040404040886e-01 3.858475338630464740e-02
3.939393939393939781e-01 3.883346802978431683e-02
3.838383838383838675e-01 3.906093926150235734e-02
3.737373737373737570e-01 3.926636738149041211e-02
3.636363636363636465e-01 3.944890940462676687e-02
3.535353535353535914e-01 3.960767581465517856e-02
3.434343434343434809e-01 3.974172689763553340e-02
3.333333333333333703e-01 3.985006858624390996e-02
3.232323232323232598e-01 3.993164773271715151e-02
3.131313131313131493e-01 3.998534671139312296e-02
3.030303030303030387e-01 4.000997723084220165e-02
2.929292929292929282e-01 4.000427320934053094e-02
2.828282828282828731e-01 3.996688253433684779e-02
2.727272727272727626e-01 3.989635748450936353e-02
2.626262626262626521e-01 3.979114353914627034e-02
2.525252525252525415e-01 3.964956623001167357e-02
2.424242424242424310e-01 3.946981560017154972e-02
2.323232323232323482e-01 3.924992771488195614e-02
2.222222222222222376e-01 3.898776251084692251e-02
2.121212121212121271e-01 3.868097705649444634e-02
2.020202020202020443e-01 3.832699300487136390e-02
1.919191919191919338e-01 3.792295661892997743e-02
1.818181818181818232e-01 3.746568918600882286e-02
1.717171717171717404e-01 3.695162483679353960e-02
1.616161616161616299e-01 3.637673162251003900e-02
1.515151515151515194e-01 3.573640998750851616e-02
1.414141414141414366e-01 3.502536018149050162e-02
1.313131313131313260e-01 3.423740614202352289e-02
1.212121212121212155e-01 3.336525699119746724e-02
1.111111111111111188e-01 3.240017680231672276e-02
1.010101010101010222e-01 3.133151543577524650e-02
9.090909090909091161e-02 3.014602153517999608e-02
8.080808080808081495e-02 2.882679961161489432e-02
7.070707070707071829e-02 2.735165600376722114e-02
6.060606060606060774e-02 2.569032911398442046e-02
5.050505050505051108e-02 2.379951773679413185e-02
4.040404040404040747e-02 2.161309431663368044e-02
3.030303030303030387e-02 1.902017388015639007e-02
2.020202020202020374e-02 1.580516218549919694e-02
1.010101010101010187e-02 1.141250540709198846e-02
0.000000000000000000e+00 0.000000000000000000e+00
0.000000000000000000e+00 0.000000000000000000e+00
1.010101010101010187e-02 -1.141250540709198846e-02
2.020202020202020374e-02 -1.580516218549919694e-02
3.030303030303030387e-02 -1.902017388015639007e-02
4.040404040404040747e-02 -2.161309431663368044e-02
5.050505050505051108e-02 -2.379951773679413185e-02
6.060606060606060774e-02 -2.569032911398442046e-02
7.070707070707071829e-02 -2.735165600376722114e-02
8.080808080808081495e-02 -2.882679961161489432e-02
9.090909090909091161e-02 -3.014602153517999608e-02
1.010101010101010222e-01 -3.133151543577524650e-02
1.111111111111111188e-01 -3.240017680231672276e-02
1.212121212121212155e-01 -3.336525699119746724e-02
1.313131313131313260e-01 -3.423740614202352289e-02
1.414141414141414366e-01 -3.502536018149050162e-02
1.515151515151515194e-01 -3.573640998750851616e-02
1.616161616161616299e-01 -3.637673162251003900e-02
1.717171717171717404e-01 -3.695162483679353960e-02
1.818181818181818232e-01 -3.746568918600882286e-02
1.919191919191919338e-01 -3.792295661892997743e-02
2.020202020202020443e-01 -3.832699300487136390e-02
2.121212121212121271e-01 -3.868097705649444634e-02
2.222222222222222376e-01 -3.898776251084692251e-02
2.323232323232323482e-01 -3.924992771488195614e-02
2.424242424242424310e-01 -3.946981560017154972e-02
2.525252525252525415e-01 -3.964956623001167357e-02
2.626262626262626521e-01 -3.979114353914627034e-02
2.727272727272727626e-01 -3.989635748450936353e-02
2.828282828282828731e-01 -3.996688253433684779e-02
2.929292929292929282e-01 -4.000427320934053094e-02
3.030303030303030387e-01 -4.000997723084220165e-02
3.131313131313131493e-01 -3.998534671139312296e-02
3.232323232323232598e-01 -3.993164773271715151e-02
3.333333333333333703e-01 -3.985006858624390996e-02
3.434343434343434809e-01 -3.974172689763553340e-02
3.535353535353535914e-01 -3.960767581465517856e-02
3.636363636363636465e-01 -3.944890940462676687e-02
3.737373737373737570e-01 -3.926636738149041211e-02
3.838383838383838675e-01 -3.906093926150235734e-02
3.939393939393939781e-01 -3.883346802978431683e-02
4.040404040404040886e-01 -3.858475338630464740e-02
4.141414141414141992e-01 -3.831555462879127072e-02
4.242424242424242542e-01 -3.802659322101053369e-02
4.343434343434343647e-01 -3.771855508738976986e-02
4.444444444444444753e-01 -3.739209266880048899e-02
4.545454545454545858e-01 -3.704782676920135437e-02
4.646464646464646964e-01 -3.668634821857211237e-02
4.747474747474748069e-01 -3.630821937399369981e-02
4.848484848484848619e-01 -3.591397547772218896e-02
4.949494949494949725e-01 -3.550412588856365070e-02
5.050505050505050830e-01 -3.507915520070402360e-02
5.151515151515152491e-01 -3.463952426231687448e-02
5.252525252525253041e-01 -3.418567110470777798e-02
5.353535353535353591e-01 -3.371801179141555721e-02
5.454545454545455252e-01 -3.323694119554047866e-02
5.555555555555555802e-01 -3.274283371257774578e-02
5.656565656565657463e-01 -3.223604391517854995e-02
5.757575757575758013e-01 -3.171690715551832296e-02
5.858585858585858563e-01 -3.118574012030704209e-02
5.959595959595960224e-01 -3.064284134291393388e-02
6.060606060606060774e-01 -3.008849167658905754e-02
6.161616161616162435e-01 -2.952295473233312179e-02
6.262626262626262985e-01 -2.894647728459157771e-02
6.363636363636364646e-01 -2.835928964761574161e-02
6.464646464646465196e-01 -2.776160602504265315e-02
6.565656565656565746e-01 -2.715362483498628271e-02
6.666666666666667407e-01 -2.653552901270513770e-02
6.767676767676767957e-01 -2.590748629270784795e-02
6.868686868686869618e-01 -2.526964947197889513e-02
6.969696969696970168e-01 -2.462215665584602600e-02
7.070707070707071829e-01 -2.396513148786855868e-02
7.171717171717172379e-01 -2.329868336499738707e-02
7.272727272727272929e-01 -2.262290763914419356e-02
7.373737373737374590e-01 -2.193788580619450077e-02
7.474747474747475140e-01 -2.124368568340724225e-02
7.575757575757576801e-01 -2.054036157606172613e-02
7.676767676767677351e-01 -1.982795443413766859e-02
7.777777777777777901e-01 -1.910649199974719450e-02
7.878787878787879562e-01 -1.837598894597785790e-02
7.979797979797980112e-01 -1.763644700775007443e-02
8.080808080808081773e-01 -1.688785510524312347e-02
8.181818181818182323e-01 -1.613018946039960350e-02
8.282828282828283983e-01 -1.536341370697641255e-02
8.383838383838384534e-01 -1.458747899457417743e-02
8.484848484848485084e-01 -1.380232408704280996e-02
8.585858585858586745e-01 -1.300787545563073140e-02
8.686868686868687295e-01 -1.220404736721617325e-02
8.787878787878788955e-01 -1.139074196793517409e-02
8.888888888888889506e-01 -1.056784936249556550e-02
8.989898989898991166e-01 -9.735247689446514460e-03
9.090909090909091717e-01 -8.892803192652577390e-03
9.191919191919192267e-01 -8.040370289203586235e-03
9.292929292929293927e-01 -7.177791633975268322e-03
9.393939393939394478e-01 -6.304898181040381223e-03
9.494949494949496138e-01 -5.421509242115965001e-03
9.595959595959596689e-01 -4.527432542219931785e-03
9.696969696969697239e-01 -3.622464272697820641e-03
9.797979797979798899e-01 -2.706389141770348949e-03
9.898989898989899450e-01 -1.778980422741787207e-03
1.000000000000000000e+00 -8.399999999999963485e-04
